0 7536 7799 7852 8905 5536 10139 11880 5574 8740 12762 6346 14002 8945 8316 6535 2991 9862 13222 5096 15206 11360 12123 9432 4737 10678 9298 4984 8140 15188 1598 14082 6775 10548 6669 15359 4301 6409 1906 12619 
7536 0 2261 9756 10809 7440 2603 13784 7478 10644 5226 1190 6466 9341 10220 8439 8533 3762 8078 2984 7670 9406 14027 1896 6641 12582 10518 2552 8950 7652 5938 6546 3103 3012 3517 7823 3235 8313 5630 7607 
7799 2261 0 12017 13070 9701 4508 16045 9739 12905 4963 1649 6663 11602 12481 10700 8796 6023 10339 2703 8251 11667 16288 2151 8902 14843 12779 2815 11211 8325 6201 7509 1024 2749 1256 7560 4026 10574 5893 9868 
7852 9756 12017 0 4369 2948 7509 4028 2278 1240 8032 10368 6990 1933 614 1559 8009 5994 6210 12740 8194 4348 4271 9866 5757 2826 2286 9384 1128 8176 8550 7070 12859 9770 13273 8347 7991 2999 9034 5607 
8905 10809 13070 4369 0 3369 8562 5333 3331 5609 10119 11421 11359 6302 3755 2810 5914 7219 10579 13793 12563 8717 4394 10919 4168 3093 6655 10437 5497 12545 9603 11439 13912 10823 14326 12716 9044 2496 10087 9976 
5536 7440 9701 2948 3369 0 6075 6344 682 4188 8698 8052 9938 4881 2780 1389 5061 5798 9158 10424 11142 7296 6587 7550 2809 5142 5234 7068 4076 11124 6234 10018 10543 7454 10957 11295 5675 873 6718 8555 
10139 2603 4508 7509 8562 6075 0 11537 5393 8397 2623 3793 3863 7094 7973 6192 11136 1515 5831 5231 5067 7159 11780 2357 8884 10335 8271 5155 6703 5049 8541 3943 5350 2261 5764 5220 5838 6126 8233 5360 
11880 13784 16045 4028 5333 6344 11537 0 6306 3140 12060 14396 9382 4443 3564 5345 8973 10022 5706 16768 7794 4378 939 13894 7143 2240 3266 13412 4834 7720 12578 8536 16887 13798 17301 9613 12019 5471 13062 6177 
5574 7478 9739 2278 3331 682 5393 6306 0 3506 8016 8090 9256 4199 2742 961 5743 5116 8476 10462 10460 6614 6549 7588 3491 5104 4552 7106 3394 10442 6272 9336 10581 7492 10995 10613 5713 835 6756 7873 
8740 10644 12905 1240 5609 4188 8397 3140 3506 0 8920 11256 6242 1303 1854 2799 9249 6882 4970 13628 6954 3108 3383 10754 6997 2516 1046 10272 1694 6936 9438 5830 13747 10658 14161 7107 8879 4239 9922 4367 
12762 5226 4963 8032 10119 8698 2623 12060 8016 8920 0 6416 2678 7617 8496 7309 13759 2900 6354 7666 4266 7682 12303 3330 11507 10858 8794 7778 7226 4340 11164 3524 5987 2214 6093 2597 8461 8749 10856 5883 
6346 1190 1649 10368 11421 8052 3793 14396 8090 11256 6416 0 7656 9953 10832 9051 7343 4374 8690 2372 8860 10018 14639 3086 7253 13194 11130 1362 9562 8842 4748 7736 2491 4202 2905 9013 2377 8925 4440 8219 
14002 6466 6663 6990 11359 9938 3863 9382 9256 6242 2678 7656 0 5057 7604 8549 14999 4140 3676 8906 1588 5004 9625 4570 12747 8266 6116 9018 5862 1662 12404 846 7505 4416 7919 1357 9701 9989 12096 3205 
8945 9341 11602 1933 6302 4881 7094 4443 4199 1303 7617 9953 5057 0 2547 3492 9942 5579 4277 12325 6261 2415 4686 9451 7690 3241 1177 8969 805 6243 8135 5137 12444 9355 12858 6414 7576 4932 8619 3674 
8316 10220 12481 614 3755 2780 7973 3564 2742 1854 8496 10832 7604 2547 0 1781 7395 6458 6824 13204 8808 4962 3807 10330 5143 2362 2900 9848 1742 8790 9014 7684 13323 10234 13737 8961 8455 2385 9498 6221 
6535 8439 10700 1559 2810 1389 6192 5345 961 2799 7309 9051 8549 3492 1781 0 6450 4677 7769 11423 9753 5907 5588 8549 4198 4143 3845 8067 2687 9735 7233 8629 11542 8453 11956 9906 6674 1440 7717 7166 
2991 8533 8796 8009 5914 5061 11136 8973 5743 9249 13759 7343 14999 9942 7395 6450 0 10859 14219 7879 16203 12357 9132 10429 2252 7687 10295 5981 9137 16185 3689 15079 7998 11545 8412 16356 5298 5010 4173 13616 
9862 3762 6023 5994 7219 5798 1515 10022 5116 6882 2900 4374 4140 5579 6458 4677 10859 0 4316 6746 5344 5644 10265 3872 8607 8820 6756 4878 5188 5326 8264 4220 6865 3776 7279 5497 5561 5849 7956 3845 
13222 8078 10339 6210 10579 9158 5831 5706 8476 4970 6354 8690 3676 4277 6824 7769 14219 4316 0 11062 2088 1862 6185 8188 11967 7486 3924 8238 5082 2014 11624 2830 11181 8092 11595 3907 8921 9209 11316 603 
5096 2984 2703 12740 13793 10424 5231 16768 10462 13628 7666 2372 8906 12325 13204 11423 7879 6746 11062 0 10110 12390 17011 4336 9625 15566 13502 3356 11934 10092 4190 8986 1679 5452 1573 10263 4749 11297 3706 10591 
15206 7670 8251 8194 12563 11142 5067 7794 10460 6954 4266 8860 1588 6261 8808 9753 16203 5344 2088 10110 0 3846 8169 6100 13951 9470 5908 10222 7066 74 13608 1124 9093 6004 9507 1819 10905 11193 13300 2587 
11360 9406 11667 4348 8717 7296 7159 4378 6614 3108 7682 10018 5004 2415 4962 5907 12357 5644 1862 12390 3846 0 4621 9516 10105 5624 2062 9034 3220 3828 9762 4158 12509 9420 12923 5235 7641 7347 9454 1799 
12123 14027 16288 4271 4394 6587 11780 939 6549 3383 12303 14639 9625 4686 3807 5588 9132 10265 6185 17011 8169 4621 0 14137 7386 1445 3509 13655 5077 8151 12821 8779 17130 14041 17544 9856 12262 5714 13305 6420 
9432 1896 2151 9866 10919 7550 2357 13894 7588 10754 3330 3086 4570 9451 10330 8549 10429 3872 8188 4336 6100 9516 14137 0 8177 12692 10628 4448 9060 6174 7834 5358 2993 1116 3407 5927 5131 8423 7526 7717 
4737 6641 8902 5757 4168 2809 8884 7143 3491 6997 11507 7253 12747 7690 5143 4198 2252 8607 11967 9625 13951 10105 7386 8177 0 5941 8043 6269 6885 13933 5435 12827 9744 9293 10158 14104 4876 2758 5919 11364 
10678 12582 14843 2826 3093 5142 10335 2240 5104 2516 10858 13194 8266 3241 2362 4143 7687 8820 7486 15566 9470 5624 1445 12692 5941 0 3562 12210 3632 9452 11376 8346 15685 12596 16099 9623 10817 4269 11860 6883 
9298 10518 12779 2286 6655 5234 8271 3266 4552 1046 8794 11130 6116 1177 2900 3845 10295 6756 3924 13502 5908 2062 3509 10628 8043 3562 0 10146 1568 5890 9312 5270 13621 10532 14035 6347 8753 5285 9796 3321 
4984 2552 2815 9384 10437 7068 5155 13412 7106 10272 7778 1362 9018 8969 9848 8067 5981 4878 8238 3356 10222 9034 13655 4448 6269 12210 10146 0 8578 10204 3386 9098 3475 5564 3889 10375 1393 7941 3078 7635 
8140 8950 11211 1128 5497 4076 6703 4834 3394 1694 7226 9562 5862 805 1742 2687 9137 5188 5082 11934 7066 3220 5077 9060 6885 3632 1568 8578 0 7048 7744 5942 12053 8964 12467 7219 7185 4127 8228 4479 
15188 7652 8325 8176 12545 11124 5049 7720 10442 6936 4340 8842 1662 6243 8790 9735 16185 5326 2014 10092 74 3828 8151 6174 13933 9452 5890 10204 7048 0 13590 1106 9167 6078 9581 1893 10887 11175 13282 2569 
1598 5938 6201 8550 9603 6234 8541 12578 6272 9438 11164 4748 12404 8135 9014 7233 3689 8264 11624 4190 13608 9762 12821 7834 5435 11376 9312 3386 7744 13590 0 12484 5177 8950 5071 13761 2703 7107 484 11021 
14082 6546 7509 7070 11439 10018 3943 8536 9336 5830 3524 7736 846 5137 7684 8629 15079 4220 2830 8986 1124 4158 8779 5358 12827 8346 5270 9098 5942 1106 12484 0 8351 5262 8765 1277 9781 10069 12176 2359 
6775 3103 1024 12859 13912 10543 5350 16887 10581 13747 5987 2491 7505 12444 13323 11542 7998 6865 11181 1679 9093 12509 17130 2993 9744 15685 13621 3475 12053 9167 5177 8351 0 3773 414 8584 4868 11416 4869 10710 
10548 3012 2749 9770 10823 7454 2261 13798 7492 10658 2214 4202 4416 9355 10234 8453 11545 3776 8092 5452 6004 9420 14041 1116 9293 12596 10532 5564 8964 6078 8950 5262 3773 0 3879 4811 6247 8327 8642 7621 
6669 3517 1256 13273 14326 10957 5764 17301 10995 14161 6093 2905 7919 12858 13737 11956 8412 7279 11595 1573 9507 12923 17544 3407 10158 16099 14035 3889 12467 9581 5071 8765 414 3879 0 8690 5282 11830 4763 11124 
15359 7823 7560 8347 12716 11295 5220 9613 10613 7107 2597 9013 1357 6414 8961 9906 16356 5497 3907 10263 1819 5235 9856 5927 14104 9623 6347 10375 7219 1893 13761 1277 8584 4811 8690 0 11058 11346 13453 3436 
4301 3235 4026 7991 9044 5675 5838 12019 5713 8879 8461 2377 9701 7576 8455 6674 5298 5561 8921 4749 10905 7641 12262 5131 4876 10817 8753 1393 7185 10887 2703 9781 4868 6247 5282 11058 0 6548 2395 8318 
6409 8313 10574 2999 2496 873 6126 5471 835 4239 8749 8925 9989 4932 2385 1440 5010 5849 9209 11297 11193 7347 5714 8423 2758 4269 5285 7941 4127 11175 7107 10069 11416 8327 11830 11346 6548 0 7591 8606 
1906 5630 5893 9034 10087 6718 8233 13062 6756 9922 10856 4440 12096 8619 9498 7717 4173 7956 11316 3706 13300 9454 13305 7526 5919 11860 9796 3078 8228 13282 484 12176 4869 8642 4763 13453 2395 7591 0 10713 
12619 7607 9868 5607 9976 8555 5360 6177 7873 4367 5883 8219 3205 3674 6221 7166 13616 3845 603 10591 2587 1799 6420 7717 11364 6883 3321 7635 4479 2569 11021 2359 10710 7621 11124 3436 8318 8606 10713 0 

0 7449 2268 3641 7075 3932 8051 6942 7960 6146 7337 4511 7403 6987 9881 2911 5328 2591 4690 4084 8623 5116 6525 6945 8960 2172 7770 6108 7803 7753 14689 8556 13909 6954 6822 1810 11052 6578 14103 3701 
7449 0 5889 6336 7262 10059 1474 753 733 12581 8742 11960 306 862 9832 7522 3033 10040 9463 3907 7654 10345 2844 13346 14205 9621 15219 1341 15252 12740 8112 10025 7332 495 2699 6107 4475 11395 7526 5212 
2268 5889 0 1373 6387 4878 7363 6254 5692 7400 6649 6779 5583 6299 9193 2341 4640 4859 4282 3396 7935 5164 5837 8165 9024 4440 10038 4566 10071 7559 14001 7868 13221 5452 4554 458 10364 6214 13415 3013 
3641 6336 1373 0 6834 6251 7810 6701 5603 8773 7096 8152 6030 6746 9640 3714 5087 6232 5655 3843 8382 6537 6284 9538 10397 5813 11411 5013 11444 8932 14448 8315 13668 5899 3637 1831 10811 7587 13862 3460 
7075 7262 6387 6834 0 3143 5814 6509 7773 5319 1480 4698 7216 6400 2806 4164 4229 4588 2385 3355 1548 3083 4418 6084 6943 7015 7957 5921 7990 5478 7614 2763 6834 6767 6635 6605 4885 4133 7028 3374 
3932 10059 4878 6251 3143 0 8611 9306 10570 2522 3405 1901 10013 9197 5949 2537 7026 1445 758 6152 4691 1184 7215 3287 5028 3872 5160 8718 5193 3821 10757 4624 9977 9564 9432 4420 7682 2646 10171 4847 
8051 1474 7363 7810 5814 8611 0 1109 2207 11133 7294 10512 1780 1064 8384 6074 2723 8592 8015 3967 6206 8897 1526 11898 12757 8173 13771 2797 13804 11292 6638 8577 5858 1911 4173 7581 3001 9947 6052 4350 
6942 753 6254 6701 6509 9306 1109 0 1264 11828 7989 11207 707 109 9079 6769 2280 9287 8710 3154 6901 9592 2091 12593 13452 8868 14466 1688 14499 11987 7747 9272 6967 802 3064 6472 4110 10642 7161 4459 
7960 733 5692 5603 7773 10570 2207 1264 0 13092 9253 12471 557 1373 10343 8033 3544 10551 9974 4418 8165 10856 3355 13857 14716 10132 15730 1852 15763 13251 8845 10536 8065 1006 1966 6150 5208 11906 8259 5723 
6146 12581 7400 8773 5319 2522 11133 11828 13092 0 3839 2243 12535 11719 3735 5059 9548 3659 3118 8674 4927 2236 9737 799 2814 6086 2638 11240 2671 1607 8543 2556 7763 12086 11954 6942 10204 1186 7957 7369 
7337 8742 6649 7096 1480 3405 7294 7989 9253 3839 0 3434 8696 7880 2544 4426 5709 4850 2647 4835 1286 2221 5898 4604 5463 7277 6477 7401 6510 3998 7352 1283 6572 8247 8115 6867 6365 2653 6766 3636 
4511 11960 6779 8152 4698 1901 10512 11207 12471 2243 3434 0 11914 11098 5978 4438 8927 1920 2497 8053 4720 1615 9116 3042 5057 3843 3259 10619 3292 3850 10786 4653 10006 11465 11333 6321 9583 2675 10200 6748 
7403 306 5583 6030 7216 10013 1780 707 557 12535 8696 11914 0 816 9786 7476 2987 9994 9417 3861 7608 10299 2798 13300 14159 9575 15173 1295 15206 12694 8418 9979 7638 449 2393 5801 4781 11349 7832 5166 
6987 862 6299 6746 6400 9197 1064 109 1373 11719 7880 11098 816 0 8970 6660 2171 9178 8601 3045 6792 9483 1982 12484 13343 8759 14357 1733 14390 11878 7702 9163 6922 847 3109 6517 4065 10533 7116 4350 
9881 9832 9193 9640 2806 5949 8384 9079 10343 3735 2544 5978 9786 8970 0 6970 6799 7394 5191 5925 2178 4765 6988 3514 4373 9821 5387 8491 5420 2908 4808 1325 4390 9337 9205 9411 7455 3303 4222 6180 
2911 7522 2341 3714 4164 2537 6074 6769 8033 5059 4426 4438 7476 6660 6970 0 4489 2518 1941 3615 5712 2823 4678 5824 6683 2851 7697 6181 7730 5218 11778 5645 10998 7027 6895 2441 8141 3873 11192 2310 
5328 3033 4640 5087 4229 7026 2723 2280 3544 9548 5709 8927 2987 2171 6799 4489 0 7007 6430 1244 4621 7312 1197 10313 11172 6588 12186 1692 12219 9707 9361 6992 8581 2538 2406 4858 5724 8362 8775 2179 
2591 10040 4859 6232 4588 1445 8592 9287 10551 3659 4850 1920 9994 9178 7394 2518 7007 0 2203 6133 6136 2629 7196 4458 6473 2427 5179 8699 5212 5266 12202 6069 11422 9545 9413 4401 8565 4091 11616 4828 
4690 9463 4282 5655 2385 758 8015 8710 9974 3118 2647 2497 9417 8601 5191 1941 6430 2203 0 5556 3933 882 6619 3883 4742 4630 5756 8122 5789 3277 9999 3866 9219 8968 8836 4220 7086 1932 9413 4251 
4084 3907 3396 3843 3355 6152 3967 3154 4418 8674 4835 8053 3861 3045 5925 3615 1244 6133 5556 0 4539 6438 2441 9439 10298 5714 11312 2566 11345 8833 10605 6118 9825 3412 3280 3614 6968 7488 10019 1305 
8623 7654 7935 8382 1548 4691 6206 6901 8165 4927 1286 4720 7608 6792 2178 5712 4621 6136 3933 4539 0 3507 4810 5692 6551 8563 7565 6313 7598 5086 6066 2371 5286 7159 7027 8153 5277 3741 5480 4922 
5116 10345 5164 6537 3083 1184 8897 9592 10856 2236 2221 1615 10299 9483 4765 2823 7312 2629 882 6438 3507 0 7501 3001 3860 5056 4874 9004 4907 2637 9573 3440 8793 9850 9718 4706 7968 1462 8987 5133 
6525 2844 5837 6284 4418 7215 1526 2091 3355 9737 5898 9116 2798 1982 6988 4678 1197 7196 6619 2441 4810 7501 0 10502 11361 6777 12375 1503 12408 9896 8164 7181 7384 2349 2647 6055 4527 8551 7578 2824 
6945 13346 8165 9538 6084 3287 11898 12593 13857 799 4604 3042 13300 12484 3514 5824 10313 4458 3883 9439 5692 3001 10502 0 2015 6885 1873 12005 1906 808 8110 3321 7904 12851 12719 7707 10969 1951 7158 8134 
8960 14205 9024 10397 6943 5028 12757 13452 14716 2814 5463 5057 14159 13343 4373 6683 11172 6473 4742 10298 6551 3860 11361 2015 0 8900 3528 12864 3921 1465 8969 4180 8763 13710 13578 8566 11828 2810 6761 8993 
2172 9621 4440 5813 7015 3872 8173 8868 10132 6086 7277 3843 9575 8759 9821 2851 6588 2427 4630 5714 8563 5056 6777 6885 8900 0 5598 8280 5631 7693 14629 8496 13849 9126 8994 3982 10992 6518 14043 4409 
7770 15219 10038 11411 7957 5160 13771 14466 15730 2638 6477 3259 15173 14357 5387 7697 12186 5179 5756 11312 7565 4874 12375 1873 3528 5598 0 13878 393 2479 9983 5194 9777 14724 14592 9580 12842 3824 8671 10007 
6108 1341 4566 5013 5921 8718 2797 1688 1852 11240 7401 10619 1295 1733 8491 6181 1692 8699 8122 2566 6313 9004 1503 12005 12864 8280 13878 0 13911 11399 9435 8684 8655 886 1376 4784 5798 10054 8849 3871 
7803 15252 10071 11444 7990 5193 13804 14499 15763 2671 6510 3292 15206 14390 5420 7730 12219 5212 5789 11345 7598 4907 12408 1906 3921 5631 393 13911 0 2714 10016 5227 9810 14757 14625 9613 12875 3857 9064 10040 
7753 12740 7559 8932 5478 3821 11292 11987 13251 1607 3998 3850 12694 11878 2908 5218 9707 5266 3277 8833 5086 2637 9896 808 1465 7693 2479 11399 2714 0 7504 2715 7298 12245 12113 7283 10363 1345 6350 7528 
14689 8112 14001 14448 7614 10757 6638 7747 8845 8543 7352 10786 8418 7702 4808 11778 9361 12202 9999 10605 6066 9573 8164 8110 8969 14629 9983 9435 10016 7504 0 6133 780 8549 10811 14219 3637 8111 2208 10988 
8556 10025 7868 8315 2763 4624 8577 9272 10536 2556 1283 4653 9979 9163 1325 5645 6992 6069 3866 6118 2371 3440 7181 3321 4180 8496 5194 8684 5227 2715 6133 0 5353 9530 9398 8086 7648 1978 5547 4855 
13909 7332 13221 13668 6834 9977 5858 6967 8065 7763 6572 10006 7638 6922 4390 10998 8581 11422 9219 9825 5286 8793 7384 7904 8763 13849 9777 8655 9810 7298 780 5353 0 7769 10031 13439 3065 7331 2002 10208 
6954 495 5452 5899 6767 9564 1911 802 1006 12086 8247 11465 449 847 9337 7027 2538 9545 8968 3412 7159 9850 2349 12851 13710 9126 14724 886 14757 12245 8549 9530 7769 0 2262 5670 4912 10900 7963 4717 
6822 2699 4554 3637 6635 9432 4173 3064 1966 11954 8115 11333 2393 3109 9205 6895 2406 9413 8836 3280 7027 9718 2647 12719 13578 8994 14592 1376 14625 12113 10811 9398 10031 2262 0 5012 7174 10768 10225 4585 
1810 6107 458 1831 6605 4420 7581 6472 6150 6942 6867 6321 5801 6517 9411 2441 4858 4401 4220 3614 8153 4706 6055 7707 8566 3982 9580 4784 9613 7283 14219 8086 13439 5670 5012 0 10582 6108 13633 3231 
11052 4475 10364 10811 4885 7682 3001 4110 5208 10204 6365 9583 4781 4065 7455 8141 5724 8565 7086 6968 5277 7968 4527 10969 11828 10992 12842 5798 12875 10363 3637 7648 3065 4912 7174 10582 0 9018 5067 7351 
6578 11395 6214 7587 4133 2646 9947 10642 11906 1186 2653 2675 11349 10533 3303 3873 8362 4091 1932 7488 3741 1462 8551 1951 2810 6518 3824 10054 3857 1345 8111 1978 7331 10900 10768 6108 9018 0 7525 6183 
14103 7526 13415 13862 7028 10171 6052 7161 8259 7957 6766 10200 7832 7116 4222 11192 8775 11616 9413 10019 5480 8987 7578 7158 6761 14043 8671 8849 9064 6350 2208 5547 2002 7963 10225 13633 5067 7525 0 10402 
3701 5212 3013 3460 3374 4847 4350 4459 5723 7369 3636 6748 5166 4350 6180 2310 2179 4828 4251 1305 4922 5133 2824 8134 8993 4409 10007 3871 10040 7528 10988 4855 10208 4717 4585 3231 7351 6183 10402 0 

0 6074 4255 9154 8520 5176 9414 2460 3103 1620 1635 6535 4544 5980 7575 8169 3728 1255 6116 2398 11887 12350 3146 6737 6016 5099 548 10240 11623 8720 3957 7140 7133 5496 5073 2689 8104 10107 5528 1644 
6074 0 1819 3080 7602 5220 9370 7774 2971 4642 6681 971 4500 6024 7531 8125 2346 7329 6072 4218 5813 12306 3206 7773 7350 7349 6622 10196 5549 8676 10031 7096 7089 8130 2181 7651 2030 10063 5484 6236 
4255 1819 0 4899 9239 3583 11007 5955 2474 2823 4862 2608 6137 4387 9168 9762 527 5510 7709 3991 7632 13943 1553 8330 7609 6692 4803 11833 7368 10313 8212 8733 8726 7089 3818 5832 3849 11700 7121 4417 
9154 3080 4899 0 6758 6064 8526 10854 6051 7722 9761 2619 6058 6868 9117 7281 5426 10409 7132 7298 2733 11462 6286 10853 10430 10429 9702 9352 2469 7832 13111 7266 7131 11210 4081 10731 1050 9219 5798 9316 
8520 7602 9239 6758 0 12822 6378 10220 6765 9266 9127 6631 5424 13626 8483 4879 9704 9775 6498 6664 6251 4704 10792 10219 9796 9795 9068 3110 4983 2746 12477 6632 6497 10576 5421 10097 5908 2461 5164 9290 
5176 5220 3583 6064 12822 0 14590 7636 6057 3556 6811 6191 9720 804 12751 13345 3118 4811 11292 7574 8331 17526 2030 11913 11192 10275 5396 15416 8067 13896 7513 12316 12309 10672 7401 7865 6914 15283 10704 3718 
9414 9370 11007 8526 6378 14590 0 6954 8533 11034 7779 8399 4870 15394 2105 1499 11472 10155 3298 7016 9745 2936 12560 3841 3418 4315 9194 3268 9481 3632 7533 2274 2281 4198 7189 6725 7676 5387 3886 11058 
2460 7774 5955 10854 10220 7636 6954 0 4803 4080 1093 8235 4796 8440 5115 5709 5428 3201 3722 3556 13587 9890 5606 4277 3556 2639 2240 7780 13323 7474 2257 4680 4673 3036 6773 229 9804 9229 5056 4104 
3103 2971 2474 6051 6765 6057 8533 4803 0 2501 3710 3432 3663 6861 6694 7288 2939 4358 5235 1517 8784 11469 4027 5856 5135 4378 3651 9359 8520 7839 7060 6259 6252 5159 1970 4680 5001 9226 4647 3265 
1620 4642 2823 7722 9266 3556 11034 4080 2501 0 3255 5103 6164 4360 9195 9789 2296 2687 7736 4018 10455 13970 1526 8357 7636 6719 1980 11860 10191 10340 5389 8760 8753 7116 3845 4309 6672 11727 7148 1594 
1635 6681 4862 9761 9127 6811 7779 1093 3710 3255 0 7142 3703 7615 5940 6534 4335 2376 4481 2463 12494 10715 4781 5102 4381 3464 1415 8605 12230 7085 3350 5505 5498 3861 5680 1054 8711 8472 3963 3279 
6535 971 2608 2619 6631 6191 8399 8235 3432 5103 7142 0 3529 6995 6560 7154 3073 7790 5101 4679 5352 11335 4161 8234 7811 7810 7083 9225 5088 7705 10492 6125 6118 8591 1462 8112 1569 9092 4513 6697 
4544 4500 6137 6058 5424 9720 4870 4796 3663 6164 3703 3529 0 10524 3059 3625 6602 5285 1572 2146 8791 7806 7690 4795 4372 4371 4324 5696 8527 4176 7053 2596 2589 5152 2319 4673 5008 5563 984 6188 
5980 6024 4387 6868 13626 804 15394 8440 6861 4360 7615 6995 10524 0 13555 14149 3922 5391 12096 8378 7751 18330 2834 12717 11996 11079 6200 16220 8643 14700 8093 13120 13113 11476 8205 8669 7718 16087 11508 4336 
7575 7531 9168 9117 8483 12751 2105 5115 6694 9195 5940 6560 3059 13555 0 3604 9633 8316 1985 5177 11850 5009 10721 1736 1559 2476 7355 5373 11586 5737 5694 1851 1986 2093 5350 4886 8067 7492 3319 9219 
8169 8125 9762 7281 4879 13345 1499 5709 7288 9789 6534 7154 3625 14149 3604 0 10227 8910 2053 5771 8246 4181 11315 5340 4917 4916 7949 2071 7982 2133 7598 1753 1618 5697 5944 5480 6431 3888 2641 9813 
3728 2346 527 5426 9704 3118 11472 5428 2939 2296 4335 3073 6602 3922 9633 10227 0 4983 8174 4456 8159 14408 1088 8795 8074 7157 4276 12298 7895 10778 7685 9198 9191 7554 4283 5305 4376 12165 7586 3890 
1255 7329 5510 10409 9775 4811 10155 3201 4358 2687 2376 7790 5285 5391 8316 8910 4983 0 6857 3139 13142 13091 4123 7478 6757 5840 961 10981 12878 9461 2702 7881 7874 6237 6328 3430 9359 10848 6269 1093 
6116 6072 7709 7132 6498 11292 3298 3722 5235 7736 4481 5101 1572 12096 1985 2053 8174 6857 0 3718 9865 6234 9262 3721 3298 3297 5896 4124 9601 3752 5979 1024 1017 4078 3891 3599 6082 5507 1334 7760 
2398 4218 3991 7298 6664 7574 7016 3556 1517 4018 2463 4679 2146 8378 5177 5771 4456 3139 3718 0 10031 9952 5544 4339 3618 3131 2404 7842 9767 6322 5813 4742 4735 3912 3217 3433 6248 7709 3130 4042 
11887 5813 7632 2733 6251 8331 9745 13587 8784 10455 12494 5352 8791 7751 11850 8246 8159 13142 9865 10031 0 10955 9019 13586 13163 13162 12435 8845 1268 7325 15844 9999 9864 13943 6814 13464 3783 8712 8531 12049 
12350 12306 13943 11462 4704 17526 2936 9890 11469 13970 10715 11335 7806 18330 5009 4181 14408 13091 6234 9952 10955 0 15496 6745 6334 7251 12130 2110 9687 3630 10469 5210 5217 7102 10125 9661 10612 2483 6822 13994 
3146 3206 1553 6286 10792 2030 12560 5606 4027 1526 4781 4161 7690 2834 10721 11315 1088 4123 9262 5544 9019 15496 0 9883 9162 8245 3416 13386 8755 11866 6825 10286 10279 8642 5371 5835 5236 13253 8674 3030 
6737 7773 8330 10853 10219 11913 3841 4277 5856 8357 5102 8234 4795 12717 1736 5340 8795 7478 3721 4339 13586 6745 9883 0 721 1638 6517 7109 13322 7473 4856 3587 3722 1241 6772 4048 9803 9228 5055 8381 
6016 7350 7609 10430 9796 11192 3418 3556 5135 7636 4381 7811 4372 11996 1559 4917 8074 6757 3298 3618 13163 6334 9162 721 0 917 5796 6686 12899 7050 4135 3164 3299 780 6349 3327 9380 8805 4632 7660 
5099 7349 6692 10429 9795 10275 4315 2639 4378 6719 3464 7810 4371 11079 2476 4916 7157 5840 3297 3131 13162 7251 8245 1638 917 0 4879 6685 12898 7049 3218 3163 3298 781 6348 2410 9379 8804 4631 6743 
548 6622 4803 9702 9068 5396 9194 2240 3651 1980 1415 7083 4324 6200 7355 7949 4276 961 5896 2404 12435 12130 3416 6517 5796 4879 0 10020 12171 8500 3409 6920 6913 5276 5621 2469 8652 9887 5308 1864 
10240 10196 11833 9352 3110 15416 3268 7780 9359 11860 8605 9225 5696 16220 5373 2071 12298 10981 4124 7842 8845 2110 13386 7109 6686 6685 10020 0 7577 1520 9367 3522 3387 7466 8015 7551 8502 2119 4712 11884 
11623 5549 7368 2469 4983 8067 9481 13323 8520 10191 12230 5088 8527 8643 11586 7982 7895 12878 9601 9767 1268 9687 8755 13322 12899 12898 12171 7577 0 6057 15580 9735 9600 13679 6550 13200 3519 7444 8267 11785 
8720 8676 10313 7832 2746 13896 3632 7474 7839 10340 7085 7705 4176 14700 5737 2133 10778 9461 3752 6322 7325 3630 11866 7473 7050 7049 8500 1520 6057 0 9731 3886 3751 7830 6495 7351 6982 1755 3192 10364 
3957 10031 8212 13111 12477 7513 7533 2257 7060 5389 3350 10492 7053 8093 5694 7598 7685 2702 5979 5813 15844 10469 6825 4856 4135 3218 3409 9367 15580 9731 0 5845 5980 3615 9030 2380 12061 11486 7313 3795 
7140 7096 8733 7266 6632 12316 2274 4680 6259 8760 5505 6125 2596 13120 1851 1753 9198 7881 1024 4742 9999 5210 10286 3587 3164 3163 6920 3522 9735 3886 5845 0 135 3944 4915 4451 6216 5641 1612 8784 
7133 7089 8726 7131 6497 12309 2281 4673 6252 8753 5498 6118 2589 13113 1986 1618 9191 7874 1017 4735 9864 5217 10279 3722 3299 3298 6913 3387 9600 3751 5980 135 0 4079 4908 4444 6081 5506 1605 8777 
5496 8130 7089 11210 10576 10672 4198 3036 5159 7116 3861 8591 5152 11476 2093 5697 7554 6237 4078 3912 13943 7102 8642 1241 780 781 5276 7466 13679 7830 3615 3944 4079 0 7129 2807 10160 9585 5412 7140 
5073 2181 3818 4081 5421 7401 7189 6773 1970 3845 5680 1462 2319 8205 5350 5944 4283 6328 3891 3217 6814 10125 5371 6772 6349 6348 5621 8015 6550 6495 9030 4915 4908 7129 0 6650 3031 7882 3303 5235 
2689 7651 5832 10731 10097 7865 6725 229 4680 4309 1054 8112 4673 8669 4886 5480 5305 3430 3599 3433 13464 9661 5835 4048 3327 2410 2469 7551 13200 7351 2380 4451 4444 2807 6650 0 9681 9106 4933 4333 
8104 2030 3849 1050 5908 6914 7676 9804 5001 6672 8711 1569 5008 7718 8067 6431 4376 9359 6082 6248 3783 10612 5236 9803 9380 9379 8652 8502 3519 6982 12061 6216 6081 10160 3031 9681 0 8369 4748 8266 
10107 10063 11700 9219 2461 15283 5387 9229 9226 11727 8472 9092 5563 16087 7492 3888 12165 10848 5507 7709 8712 2483 13253 9228 8805 8804 9887 2119 7444 1755 11486 5641 5506 9585 7882 9106 8369 0 4579 11751 
5528 5484 7121 5798 5164 10704 3886 5056 4647 7148 3963 4513 984 11508 3319 2641 7586 6269 1334 3130 8531 6822 8674 5055 4632 4631 5308 4712 8267 3192 7313 1612 1605 5412 3303 4933 4748 4579 0 7172 
1644 6236 4417 9316 9290 3718 11058 4104 3265 1594 3279 6697 6188 4336 9219 9813 3890 1093 7760 4042 12049 13994 3030 8381 7660 6743 1864 11884 11785 10364 3795 8784 8777 7140 5235 4333 8266 11751 7172 0 

0 7234 6664 7014 4706 8892 11949 5736 1756 8008 5749 6927 5062 8108 10500 8755 18301 9914 2656 13487 7042 6792 7604 12082 6603 6184 5267 15384 6636 6771 15503 8116 7345 6546 9086 8884 6539 8875 2236 3983 
7234 0 5430 262 8502 1658 11657 1498 5478 1752 1861 1615 6966 874 5362 8637 11067 13396 4578 6253 11674 9688 7246 4848 5905 7128 9899 8150 11050 11403 8269 1538 161 1632 9554 4252 1215 3955 4998 7383 
6664 5430 0 5692 3072 6178 6227 5636 4908 3678 3569 3815 1602 5540 3836 3207 11637 7966 4008 6823 6244 4258 1816 5418 475 1698 4469 8720 5620 5973 8839 3892 5269 7062 4124 9682 4215 9385 4428 2681 
7014 262 5692 0 8764 1878 11919 1278 5258 2014 2123 1877 7228 1094 5624 8899 11287 13658 4414 6473 11936 9950 7508 5068 6167 7390 10161 8370 11312 11665 8489 1800 423 1370 9816 3990 1477 3693 4778 7645 
4706 8502 3072 8764 0 9250 7243 8708 4664 6750 6641 6887 1536 8612 5794 4049 13595 5208 4350 8781 3172 2086 2898 8258 2597 1478 1397 10678 2548 2901 10797 6964 8341 10134 4380 12754 7287 12457 4804 1119 
8892 1658 6178 1878 9250 0 12405 3156 7136 2500 3143 2363 7714 784 6110 9385 9409 14144 6236 4595 12422 10436 7994 3190 6653 7876 10647 6492 11798 12151 8657 2286 1547 2346 10302 3504 2353 3207 6656 8131 
11949 11657 6227 11919 7243 12405 0 11863 10193 9905 9796 10042 6887 11767 6295 3194 6708 2035 9293 9250 6445 5157 4411 11413 5752 5765 8320 8265 5313 6178 3748 10119 11496 13289 2863 15909 10442 15612 9713 7966 
5736 1498 5636 1278 8708 3156 11863 0 4044 2272 2067 1821 7172 2372 5568 8843 12565 13602 4358 7751 11880 9894 7452 6346 6111 7334 10105 9648 11256 11609 9767 2380 1609 1426 9760 4046 1421 3749 3904 7589 
1756 5478 4908 5258 4664 7136 10193 4044 0 6252 3993 5171 3306 6352 8744 6999 16545 9558 900 11731 7836 5850 5848 10326 4847 4428 6061 13628 7212 7565 13747 6360 5589 5470 7330 8090 4783 7793 480 3545 
8008 1752 3678 2014 6750 2500 9905 2272 6252 0 2259 1081 5214 1862 3610 6885 10293 11644 5352 5479 9922 7936 5494 4074 4153 5376 8147 7376 9298 9651 7495 214 1591 3384 7802 6004 1469 5707 5772 5631 
5749 1861 3569 2123 6641 3143 9796 2067 3993 2259 0 1178 5105 2359 4751 6776 12552 11535 3093 7738 9813 7827 5385 6333 4044 5267 8038 9635 9189 9542 9754 2367 1700 3493 7693 6113 790 5816 3513 5522 
6927 1615 3815 1877 6887 2363 10042 1821 5171 1081 1178 0 5351 1725 3747 7022 11374 11781 4271 6560 10059 8073 5631 5155 4290 5513 8284 8457 9435 9788 8576 1189 1454 3247 7939 5867 400 5570 4691 5768 
5062 6966 1602 7228 1536 7714 6887 7172 3306 5214 5105 5351 0 7076 5438 3693 13239 6430 2814 8425 4708 2722 2542 7020 1541 1122 2933 10322 4084 4437 10441 5428 6805 8598 4024 11218 5751 10921 3268 1079 
8108 874 5540 1094 8612 784 11767 2372 6352 1862 2359 1725 7076 0 5472 8747 10193 13506 5452 5379 11784 9798 7356 3974 6015 7238 10009 7276 11160 11513 8019 1648 763 1562 9664 4142 1569 3845 5872 7493 
10500 5362 3836 5624 5794 6110 6295 5568 8744 3610 4751 3747 5438 5472 0 3275 7801 8034 7844 2987 6312 4326 2896 5118 3897 4316 6871 4884 5688 6041 5003 3824 5201 6994 4192 9614 4147 9317 8264 6517 
8755 8637 3207 8899 4049 9385 3194 8843 6999 6885 6776 7022 3693 8747 3275 0 9546 4759 6099 6230 3251 1963 1391 8393 2732 2571 5126 6629 2413 2984 6748 7099 8476 10269 917 12889 7422 12592 6519 4772 
18301 11067 11637 11287 13595 9409 6708 12565 16545 10293 12552 11374 13239 10193 7801 9546 0 8447 15645 4814 12797 11509 10697 6219 11698 12117 14672 2917 11665 12530 2960 10185 10956 11755 9215 9513 11762 9426 16065 14318 
9914 13396 7966 13658 5208 14144 2035 13602 9558 11644 11535 11781 6430 13506 8034 4759 8447 0 9244 10989 4410 3708 6150 13152 7491 6268 6285 10004 3278 4143 5589 11858 13235 15028 3842 17648 12181 17351 9698 6013 
2656 4578 4008 4414 4350 6236 9293 4358 900 5352 3093 4271 2814 5452 7844 6099 15645 9244 0 10831 7522 5536 4948 9426 3947 3528 5747 12728 6898 7251 12847 5460 4689 5784 6430 8404 3883 8107 454 3231 
13487 6253 6823 6473 8781 4595 9250 7751 11731 5479 7738 6560 8425 5379 2987 6230 4814 10989 10831 0 9267 7281 5883 2163 6884 7303 9858 1897 8643 8996 5502 5371 6142 6941 7147 6659 6948 6362 11251 9504 
7042 11674 6244 11936 3172 12422 6445 11880 7836 9922 9813 10059 4708 11784 6312 3251 12797 4410 7522 9267 0 1986 4428 11430 5769 4546 1875 9880 1132 271 9999 10136 11513 13306 3582 15926 10459 15629 7976 4291 
6792 9688 4258 9950 2086 10436 5157 9894 5850 7936 7827 8073 2722 9798 4326 1963 11509 3708 5536 7281 1986 0 2442 9444 3783 2560 3163 8592 1362 1715 8711 8150 9527 11320 2294 13940 8473 13643 5990 2809 
7604 7246 1816 7508 2898 7994 4411 7452 5848 5494 5385 5631 2542 7356 2896 1391 10697 6150 4948 5883 4428 2442 0 7002 1341 1420 3975 7780 3804 4157 7899 5708 7085 8878 2308 11498 6031 11201 5368 3621 
12082 4848 5418 5068 8258 3190 11413 6346 10326 4074 6333 5155 7020 3974 5118 8393 6219 13152 9426 2163 11430 9444 7002 0 5661 6884 9655 3302 10806 11159 7665 3966 4737 5536 9310 4496 5543 4199 9846 8099 
6603 5905 475 6167 2597 6653 5752 6111 4847 4153 4044 4290 1541 6015 3897 2732 11698 7491 3947 6884 5769 3783 1341 5661 0 1223 3994 8781 5145 5498 8900 4367 5744 7537 3649 10157 4690 9860 4367 2620 
6184 7128 1698 7390 1478 7876 5765 7334 4428 5376 5267 5513 1122 7238 4316 2571 12117 6268 3528 7303 4546 2560 1420 6884 1223 0 2771 9200 3922 4275 9319 5590 6967 8760 2902 11380 5913 11083 3948 2201 
5267 9899 4469 10161 1397 10647 8320 10105 6061 8147 8038 8284 2933 10009 6871 5126 14672 6285 5747 9858 1875 3163 3975 9655 3994 2771 0 11755 3007 2142 11874 8361 9738 11531 5457 14151 8684 13854 6201 2516 
15384 8150 8720 8370 10678 6492 8265 9648 13628 7376 9635 8457 10322 7276 4884 6629 2917 10004 12728 1897 9880 8592 7780 3302 8781 9200 11755 0 8748 9613 4517 7268 8039 8838 6298 7644 8845 7347 13148 11401 
6636 11050 5620 11312 2548 11798 5313 11256 7212 9298 9189 9435 4084 11160 5688 2413 11665 3278 6898 8643 1132 1362 3804 10806 5145 3922 3007 8748 0 865 8867 9512 10889 12682 2450 15302 9835 15005 7352 3667 
6771 11403 5973 11665 2901 12151 6178 11609 7565 9651 9542 9788 4437 11513 6041 2984 12530 4143 7251 8996 271 1715 4157 11159 5498 4275 2142 9613 865 0 9732 9865 11242 13035 3315 15655 10188 15358 7705 4020 
15503 8269 8839 8489 10797 8657 3748 9767 13747 7495 9754 8576 10441 8019 5003 6748 2960 5589 12847 5502 9999 8711 7899 7665 8900 9319 11874 4517 8867 9732 0 7387 8158 9541 6417 12161 8964 11864 13267 11520 
8116 1538 3892 1800 6964 2286 10119 2380 6360 214 2367 1189 5428 1648 3824 7099 10185 11858 5460 5371 10136 8150 5708 3966 4367 5590 8361 7268 9512 9865 7387 0 1377 3170 8016 5790 1577 5493 5880 5845 
7345 161 5269 423 8341 1547 11496 1609 5589 1591 1700 1454 6805 763 5201 8476 10956 13235 4689 6142 11513 9527 7085 4737 5744 6967 9738 8039 10889 11242 8158 1377 0 1793 9393 4413 1054 4116 5109 7222 
6546 1632 7062 1370 10134 2346 13289 1426 5470 3384 3493 3247 8598 1562 6994 10269 11755 15028 5784 6941 13306 11320 8878 5536 7537 8760 11531 8838 12682 13035 9541 3170 1793 0 11186 2620 2847 2329 5330 9015 
9086 9554 4124 9816 4380 10302 2863 9760 7330 7802 7693 7939 4024 9664 4192 917 9215 3842 6430 7147 3582 2294 2308 9310 3649 2902 5457 6298 2450 3315 6417 8016 9393 11186 0 13806 8339 13509 6850 5103 
8884 4252 9682 3990 12754 3504 15909 4046 8090 6004 6113 5867 11218 4142 9614 12889 9513 17648 8404 6659 15926 13940 11498 4496 10157 11380 14151 7644 15302 15655 12161 5790 4413 2620 13806 0 5467 297 7950 11635 
6539 1215 4215 1477 7287 2353 10442 1421 4783 1469 790 400 5751 1569 4147 7422 11762 12181 3883 6948 10459 8473 6031 5543 4690 5913 8684 8845 9835 10188 8964 1577 1054 2847 8339 5467 0 5170 4303 6168 
8875 3955 9385 3693 12457 3207 15612 3749 7793 5707 5816 5570 10921 3845 9317 12592 9426 17351 8107 6362 15629 13643 11201 4199 9860 11083 13854 7347 15005 15358 11864 5493 4116 2329 13509 297 5170 0 7653 11338 
2236 4998 4428 4778 4804 6656 9713 3904 480 5772 3513 4691 3268 5872 8264 6519 16065 9698 454 11251 7976 5990 5368 9846 4367 3948 6201 13148 7352 7705 13267 5880 5109 5330 6850 7950 4303 7653 0 3685 
3983 7383 2681 7645 1119 8131 7966 7589 3545 5631 5522 5768 1079 7493 6517 4772 14318 6013 3231 9504 4291 2809 3621 8099 2620 2201 2516 11401 3667 4020 11520 5845 7222 9015 5103 11635 6168 11338 3685 0 

0 917 11384 9046 890 3517 8822 3415 4479 2863 5288 11267 6546 4803 3800 8113 7101 3925 4588 4148 717 12932 5517 3116 5372 12010 7479 883 3829 1258 8022 13342 16666 11873 889 5921 7223 6804 5966 3706 
917 0 10467 8129 1807 3660 7905 3558 3562 2204 4371 10350 5653 4660 2883 7196 6184 3782 3671 3231 614 12015 4600 2199 4455 11093 6562 1800 2912 1261 7105 12425 15749 10956 1806 5004 6306 5887 5453 2789 
11384 10467 0 2338 12274 8947 4992 8173 6905 8521 6096 2329 4838 7257 7584 4757 4283 8507 6796 7236 11081 1548 5867 8268 6012 6362 3905 12267 7555 10126 3362 3520 5282 735 12273 5463 6891 6982 5418 7678 
9046 8129 2338 0 9936 6609 7128 5835 4567 6183 3758 4465 2500 8355 5246 6893 2985 7477 4458 4914 8743 3886 4123 5930 4808 8498 1567 9929 5217 7788 4824 4296 7620 2871 9935 6933 9027 9118 3080 5340 
890 1807 12274 9936 0 3327 9712 4101 5369 3753 6178 12157 7436 5303 4690 9003 7991 4425 5478 5038 1217 13822 6407 4006 6262 12900 8369 57 4719 2148 8912 14232 17556 12763 459 6811 8113 7694 6856 4596 
3517 3660 8947 6609 3327 0 7093 774 2042 5864 3511 8830 4109 8320 2039 6858 4664 7442 2151 4879 4234 10495 4088 4153 4773 9573 5042 3320 4588 2399 5585 10905 14229 9436 3476 6898 8992 9083 3529 4785 
8822 7905 4992 7128 9712 7093 0 6991 6819 5959 3582 2663 9086 4695 5054 709 4143 5945 6438 4674 8519 6512 3305 5706 3450 3188 7685 9705 4993 7564 2304 8512 7844 4257 9711 2901 1899 2018 8886 5116 
3415 3558 8173 5835 4101 774 6991 0 1268 5762 3409 8056 3335 8218 1937 6756 3890 7340 1377 4777 4132 9721 3986 4051 4671 8799 4268 4094 4486 2297 4811 10131 13455 8662 4100 6796 8890 8981 2755 4683 
4479 3562 6905 4567 5369 2042 6819 1268 0 5590 3237 6788 2267 8046 1765 6584 2676 7168 381 4605 4176 8453 3814 3879 4499 8189 3000 5362 4314 3221 4515 8863 12187 7394 5368 6624 8718 8809 2067 4511 
2863 2204 8521 6183 3753 5864 5959 5762 5590 0 2425 8404 7857 2456 3825 5250 4238 1578 5209 1285 2560 10069 2654 1711 2509 9147 6456 3746 1276 3465 5159 10479 13803 9010 3752 3058 4360 3941 7657 1079 
5288 4371 6096 3758 6178 3511 3582 3409 3237 2425 0 5979 5504 4809 1488 3347 1813 3931 2856 1368 4985 7644 577 2172 1262 6722 4103 6171 1459 4030 2734 8054 11378 6585 6177 3387 5481 5572 5304 1582 
11267 10350 2329 4465 12157 8830 2663 8056 6788 8404 5979 0 6423 7140 7467 3154 4166 8390 6679 7119 10964 3849 5750 8151 5895 4033 5022 12150 7438 10009 3245 5849 5399 1594 12156 5346 4562 4653 6223 7561 
6546 5653 4838 2500 7436 4109 9086 3335 2267 7857 5504 6423 0 10313 4032 8851 4943 9435 2648 6872 6243 6386 6081 6146 6766 10456 1401 7429 6581 5288 6782 6796 10120 5327 7435 8891 10985 11076 580 6778 
4803 4660 7257 8355 5303 8320 4695 8218 8046 2456 4809 7140 10313 0 6281 3986 5370 1250 7665 3441 4086 8805 4232 4167 3547 7883 8912 5246 3732 5921 3895 9739 12539 7746 5016 1794 3096 2677 10113 3535 
3800 2883 7584 5246 4690 2039 5054 1937 1765 3825 1488 7467 4032 6281 0 4819 3301 5403 1384 2840 3497 9132 2049 2114 2734 8210 3679 4683 2549 2542 4222 9542 12866 8073 4689 4859 6953 7044 3832 2746 
8113 7196 4757 6893 9003 6858 709 6756 6584 5250 3347 3154 8851 3986 4819 0 3908 5236 6203 3965 7810 6277 2770 4997 2741 3897 7450 8996 4284 6855 2069 8277 8553 4022 9002 2192 2134 2225 8651 4407 
7101 6184 4283 2985 7991 4664 4143 3890 2676 4238 1813 4166 4943 5370 3301 3908 0 4492 2513 2953 6798 5831 1584 3985 1823 5513 3542 7984 3272 5843 1839 6241 9565 4772 7990 3948 6042 6133 4743 3395 
3925 3782 8507 7477 4425 7442 5945 7340 7168 1578 3931 8390 9435 1250 5403 5236 4492 0 6787 2563 3208 10055 3354 3289 2669 9133 8034 4368 2854 5043 5145 10465 13789 8996 3966 3044 4346 3927 9235 2657 
4588 3671 6796 4458 5478 2151 6438 1377 381 5209 2856 6679 2648 7665 1384 6203 2513 6787 0 4224 4285 8344 3433 3498 4118 7808 2891 5471 3933 3330 4134 8754 12078 7285 5477 6243 8337 8428 2448 4130 
4148 3231 7236 4914 5038 4879 4674 4777 4605 1285 1368 7119 6872 3441 2840 3965 2953 2563 4224 0 3845 8784 1369 1032 1224 7862 5471 5031 319 2890 3874 9194 12518 7725 5037 2019 4113 4204 6672 442 
717 614 11081 8743 1217 4234 8519 4132 4176 2560 4985 10964 6243 4086 3497 7810 6798 3208 4285 3845 0 12629 5214 2813 5069 11707 7176 1186 3526 1835 7719 13039 16363 11570 1192 5618 6920 6501 6027 3403 
12932 12015 1548 3886 13822 10495 6512 9721 8453 10069 7644 3849 6386 8805 9132 6277 5831 10055 8344 8784 12629 0 7415 9816 7560 7882 5453 13815 9103 11674 4910 2000 3734 2255 13821 7011 8411 8502 6966 9226 
5517 4600 5867 4123 6407 4088 3305 3986 3814 2654 577 5750 6081 4232 2049 2770 1584 3354 3433 1369 5214 7415 0 2401 685 6493 4680 6400 1688 4259 2505 7825 11149 6356 6406 2810 4904 4995 5881 1811 
3116 2199 8268 5930 4006 4153 5706 4051 3879 1711 2172 8151 6146 4167 2114 4997 3985 3289 3498 1032 2813 9816 2401 0 2256 8894 4745 3999 713 1858 4906 10226 13550 8757 4005 2805 4839 4930 5946 632 
5372 4455 6012 4808 6262 4773 3450 4671 4499 2509 1262 5895 6766 3547 2734 2741 1823 2669 4118 1224 5069 7560 685 2256 0 6638 5365 6255 1543 4114 2650 7970 11294 6501 6261 2125 4219 4310 6566 1666 
12010 11093 6362 8498 12900 9573 3188 8799 8189 9147 6722 4033 10456 7883 8210 3897 5513 9133 7808 7862 11707 7882 6493 8894 6638 0 9055 12893 8181 10752 3988 9882 5938 5627 12899 6089 4787 5206 10256 8304 
7479 6562 3905 1567 8369 5042 7685 4268 3000 6456 4103 5022 1401 8912 3679 7450 3542 8034 2891 5471 7176 5453 4680 4745 5365 9055 0 8362 5180 6221 5381 5863 9187 4394 8368 7490 9584 9675 1513 5377 
883 1800 12267 9929 57 3320 9705 4094 5362 3746 6171 12150 7429 5246 4683 8996 7984 4368 5471 5031 1186 13815 6400 3999 6255 12893 8362 0 4712 2141 8905 14225 17549 12756 402 6804 8106 7687 6849 4589 
3829 2912 7555 5217 4719 4588 4993 4486 4314 1276 1459 7438 6581 3732 2549 4284 3272 2854 3933 319 3526 9103 1688 713 1543 8181 5180 4712 0 2571 4193 9513 12837 8044 4718 2310 4404 4495 6381 197 
1258 1261 10126 7788 2148 2399 7564 2297 3221 3465 4030 10009 5288 5921 2542 6855 5843 5043 3330 2890 1835 11674 4259 1858 4114 10752 6221 2141 2571 0 6764 12084 15408 10615 2147 4663 6593 6684 4708 2448 
8022 7105 3362 4824 8912 5585 2304 4811 4515 5159 2734 3245 6782 3895 4222 2069 1839 5145 4134 3874 7719 4910 2505 4906 2650 3988 5381 8905 4193 6764 0 6208 8644 3851 8911 2109 4203 4294 6582 4316 
13342 12425 3520 4296 14232 10905 8512 10131 8863 10479 8054 5849 6796 9739 9542 8277 6241 10465 8754 9194 13039 2000 7825 10226 7970 9882 5863 14225 9513 12084 6208 0 3944 4255 14231 8317 10411 10502 7376 9636 
16666 15749 5282 7620 17556 14229 7844 13455 12187 13803 11378 5399 10120 12539 12866 8553 9565 13789 12078 12518 16363 3734 11149 13550 11294 5938 9187 17549 12837 15408 8644 3944 0 4793 17555 10745 9443 9862 10700 12960 
11873 10956 735 2871 12763 9436 4257 8662 7394 9010 6585 1594 5327 7746 8073 4022 4772 8996 7285 7725 11570 2255 6356 8757 6501 5627 4394 12756 8044 10615 3851 4255 4793 0 12762 5952 6156 6247 5907 8167 
889 1806 12273 9935 459 3476 9711 4100 5368 3752 6177 12156 7435 5016 4689 9002 7990 3966 5477 5037 1192 13821 6406 4005 6261 12899 8368 402 4718 2147 8911 14231 17555 12762 0 6810 8112 7693 6855 4595 
5921 5004 5463 6933 6811 6898 2901 6796 6624 3058 3387 5346 8891 1794 4859 2192 3948 3044 6243 2019 5618 7011 2810 2805 2125 6089 7490 6804 2310 4663 2109 8317 10745 5952 6810 0 2094 2185 8691 2215 
7223 6306 6891 9027 8113 8992 1899 8890 8718 4360 5481 4562 10985 3096 6953 2134 6042 4346 8337 4113 6920 8411 4904 4839 4219 4787 9584 8106 4404 6593 4203 10411 9443 6156 8112 2094 0 419 10785 4207 
6804 5887 6982 9118 7694 9083 2018 8981 8809 3941 5572 4653 11076 2677 7044 2225 6133 3927 8428 4204 6501 8502 4995 4930 4310 5206 9675 7687 4495 6684 4294 10502 9862 6247 7693 2185 419 0 10876 4298 
5966 5453 5418 3080 6856 3529 8886 2755 2067 7657 5304 6223 580 10113 3832 8651 4743 9235 2448 6672 6027 6966 5881 5946 6566 10256 1513 6849 6381 4708 6582 7376 10700 5907 6855 8691 10785 10876 0 6578 
3706 2789 7678 5340 4596 4785 5116 4683 4511 1079 1582 7561 6778 3535 2746 4407 3395 2657 4130 442 3403 9226 1811 632 1666 8304 5377 4589 197 2448 4316 9636 12960 8167 4595 2215 4207 4298 6578 0 

0 1660 2888 3881 9822 6852 7627 11866 5149 270 9354 10029 7799 12406 2422 8433 6836 8103 8769 6828 2041 12204 2390 5521 7049 7916 2169 4448 10598 12007 12270 14187 7696 1049 10004 10659 4249 6097 7832 9349 
1660 0 2060 3629 8162 5192 5967 11614 3489 1930 9102 8369 6139 10746 2674 8181 5176 7851 8517 6576 381 10544 2642 3861 6797 7664 1715 3582 10346 11755 12018 13935 6036 2709 9752 8999 2589 4437 7580 7689 
2888 2060 0 1569 6934 3964 4739 9554 3901 3158 7042 7141 4911 9518 4734 6121 3948 5791 6457 6340 2407 9316 4702 2859 4737 5604 719 1560 8286 9695 9958 11875 4808 3937 7692 7771 1361 3209 5520 6461 
3881 3629 1569 0 6601 3631 4406 7985 5470 4137 5473 6808 4578 9185 6303 4552 3615 4222 4888 6673 3976 8983 6271 4428 3168 4035 1914 1227 6717 8126 8389 10306 4475 4270 6123 7438 1070 2876 3951 6128 
9822 8162 6934 6601 0 2970 2195 8592 4863 10092 6080 1995 2921 2584 7428 7141 2986 8673 7751 13274 7781 2970 7994 4301 6995 7576 7653 5374 7324 8733 8996 10913 2126 10871 6730 4475 5573 3725 9712 2545 
6852 5192 3964 3631 2970 0 2397 9278 4177 7122 6766 3177 2235 5554 5010 5845 1854 5703 6181 10304 4811 5352 5024 3135 4461 5328 4683 2404 8010 9419 9682 11599 2268 7901 7416 5161 2603 1589 6742 3231 
7627 5967 4739 4406 2195 2397 0 6881 6574 7897 4369 2402 4632 4779 7407 4946 4251 6478 5556 11079 5586 4577 7375 5532 4800 5381 5458 3179 5613 7022 7285 9202 129 8676 5019 3032 3378 1530 7517 1722 
11866 11614 9554 7985 8592 9278 6881 0 13455 12122 4244 7633 11513 10010 14288 3433 11132 3763 3097 5848 11961 9808 14256 12413 4817 3950 9899 8032 1986 2927 996 2321 7010 11029 2992 8263 9055 7689 4034 6953 
5149 3489 3901 5470 4863 4177 6574 13455 0 5419 10943 6858 2650 7257 2755 10022 2323 9692 10358 8601 3108 7833 3321 1042 8638 9505 3556 5423 12187 13596 13859 15776 6445 6198 11593 9338 4400 5766 9421 7408 
270 1930 3158 4137 10092 7122 7897 12122 5419 0 9610 10299 8069 12676 2664 8689 7106 8359 9025 7084 2311 12474 2134 5791 7305 8172 2439 4718 10854 12263 12526 14443 7966 1093 10260 10929 4519 6367 8088 9619 
9354 9102 7042 5473 6080 6766 4369 4244 10943 9610 0 4085 9001 5766 11776 3959 8620 5491 4569 10092 9449 5564 11744 9901 3813 4394 7387 5520 2258 2653 3248 4833 4498 8517 1252 4019 6543 5177 6530 3535 
10029 8369 7141 6808 1995 3177 2402 7633 6858 10299 4085 0 4916 2377 7691 7348 4535 8880 7958 13481 7988 2175 8201 5816 7202 7783 7860 5581 5647 6738 7001 8918 2333 11078 4735 2480 5780 3932 9919 680 
7799 6139 4911 4578 2921 2235 4632 11513 2650 8069 9001 4916 0 4607 5405 8080 963 7750 8416 11251 5758 5891 5971 2278 6696 7563 5630 3481 10245 11654 11917 13834 4503 8848 9651 7396 3550 3824 7689 5466 
12406 10746 9518 9185 2584 5554 4779 10010 7257 12676 5766 2377 4607 0 10012 9725 5570 11257 10335 15858 10365 1470 10578 6885 9579 10160 10237 7958 8024 7233 9014 9413 4710 13455 7018 2975 8157 6309 12296 3057 
2422 2674 4734 6303 7428 5010 7407 14288 2755 2664 11776 7691 5405 10012 0 10855 4442 10525 11191 9250 2327 9810 566 3127 9471 10338 4389 6256 13020 14429 14692 16609 7278 3443 12426 10171 5233 6599 10254 8241 
8433 8181 6121 4552 7141 5845 4946 3433 10022 8689 3959 7348 8080 9725 10855 0 7699 1532 610 6133 8528 9523 10823 8980 1384 517 6466 4599 2165 3574 3837 5754 5015 7596 2707 7978 5622 4256 2571 6668 
6836 5176 3948 3615 2986 1854 4251 11132 2323 7106 8620 4535 963 5570 4442 7699 0 7369 8035 10288 4795 5510 5008 1315 6315 7182 4667 3100 9864 11273 11536 13453 4122 7885 9270 7015 2587 3443 7098 5085 
8103 7851 5791 4222 8673 5703 6478 3763 9692 8359 5491 8880 7750 11257 10525 1532 7369 0 922 4601 8198 11055 10493 8650 1678 1097 6136 4269 3233 4174 4167 6084 6547 7266 4239 9510 5292 4948 1039 8200 
8769 8517 6457 4888 7751 6181 5556 3097 10358 9025 4569 7958 8416 10335 11191 610 8035 922 0 5523 8864 10133 11159 9316 1720 853 6802 4935 2311 3252 3501 5418 5625 7932 3317 8588 5958 4592 1961 7278 
6828 6576 6340 6673 13274 10304 11079 5848 8601 7084 10092 13481 11251 15858 9250 6133 10288 4601 5523 0 6923 15656 9218 8973 6279 5698 5621 7900 7834 8775 6844 7971 11148 5991 8840 14111 7701 9549 3562 12801 
2041 381 2407 3976 7781 4811 5586 11961 3108 2311 9449 7988 5758 10365 2327 8528 4795 8198 8864 6923 0 10163 2295 3480 7144 8011 2062 3929 10693 12102 12365 14282 5655 3090 10099 8618 2906 4272 7927 7308 
12204 10544 9316 8983 2970 5352 4577 9808 7833 12474 5564 2175 5891 1470 9810 9523 5510 11055 10133 15656 10163 0 10376 6791 9377 9958 10035 7756 7822 6881 8812 7943 4508 13253 6816 1545 7955 6107 12094 2855 
2390 2642 4702 6271 7994 5024 7375 14256 3321 2134 11744 8201 5971 10578 566 10823 5008 10493 11159 9218 2295 10376 0 3693 9439 10306 4357 6224 12988 14397 14660 16577 7246 3227 12394 10139 5201 6567 10222 8209 
5521 3861 2859 4428 4301 3135 5532 12413 1042 5791 9901 5816 2278 6885 3127 8980 1315 8650 9316 8973 3480 6791 3693 0 7596 8463 3352 4381 11145 12554 12817 14734 5403 6570 10551 8296 3358 4724 8379 6366 
7049 6797 4737 3168 6995 4461 4800 4817 8638 7305 3813 7202 6696 9579 9471 1384 6315 1678 1720 6279 7144 9377 9439 7596 0 867 5082 3215 3549 4958 5221 7138 4869 6212 2955 7832 4238 3270 2717 6522 
7916 7664 5604 4035 7576 5328 5381 3950 9505 8172 4394 7783 7563 10160 10338 517 7182 1097 853 5698 8011 9958 10306 8463 867 0 5949 4082 2682 4091 4354 6271 5450 7079 3142 8413 5105 3851 2136 7103 
2169 1715 719 1914 7653 4683 5458 9899 3556 2439 7387 7860 5630 10237 4389 6466 4667 6136 6802 5621 2062 10035 4357 3352 5082 5949 0 2279 8631 10040 10303 12220 5527 3218 8037 8490 2080 3928 5865 7180 
4448 3582 1560 1227 5374 2404 3179 8032 5423 4718 5520 5581 3481 7958 6256 4599 3100 4269 4935 7900 3929 7756 6224 4381 3215 4082 2279 0 6764 8173 8436 10353 3248 5497 6170 6211 1023 1649 4338 4901 
10598 10346 8286 6717 7324 8010 5613 1986 12187 10854 2258 5647 10245 8024 13020 2165 9864 3233 2311 7834 10693 7822 12988 11145 3549 2682 8631 6764 0 1409 1672 3589 5742 9761 1006 6277 7787 6421 4272 4967 
12007 11755 9695 8126 8733 9419 7022 2927 13596 12263 2653 6738 11654 7233 14429 3574 11273 4174 3252 8775 12102 6881 14397 12554 4958 4091 10040 8173 1409 0 1931 2180 7151 11170 2003 5336 9196 7830 5213 6188 
12270 12018 9958 8389 8996 9682 7285 996 13859 12526 3248 7001 11917 9014 14692 3837 11536 4167 3501 6844 12365 8812 14660 12817 5221 4354 10303 8436 1672 1931 0 1917 7414 11433 2266 7267 9459 8093 4438 6451 
14187 13935 11875 10306 10913 11599 9202 2321 15776 14443 4833 8918 13834 9413 16609 5754 13453 6084 5418 7971 14282 7943 16577 14734 7138 6271 12220 10353 3589 2180 1917 0 9331 13350 4183 6438 11376 10010 6355 8368 
7696 6036 4808 4475 2126 2268 129 7010 6445 7966 4498 2333 4503 4710 7278 5015 4122 6547 5625 11148 5655 4508 7246 5403 4869 5450 5527 3248 5742 7151 7414 9331 0 8745 5148 2963 3447 1599 7586 1653 
1049 2709 3937 4270 10871 7901 8676 11029 6198 1093 8517 11078 8848 13455 3443 7596 7885 7266 7932 5991 3090 13253 3227 6570 6212 7079 3218 5497 9761 11170 11433 13350 8745 0 9167 11708 5298 7146 6995 10398 
10004 9752 7692 6123 6730 7416 5019 2992 11593 10260 1252 4735 9651 7018 12426 2707 9270 4239 3317 8840 10099 6816 12394 10551 2955 3142 8037 6170 1006 2003 2266 4183 5148 9167 0 5271 7193 5827 5278 4185 
10659 8999 7771 7438 4475 5161 3032 8263 9338 10929 4019 2480 7396 2975 10171 7978 7015 9510 8588 14111 8618 1545 10139 8296 7832 8413 8490 6211 6277 5336 7267 6438 2963 11708 5271 0 6410 4562 10549 1930 
4249 2589 1361 1070 5573 2603 3378 9055 4400 4519 6543 5780 3550 8157 5233 5622 2587 5292 5958 7701 2906 7955 5201 3358 4238 5105 2080 1023 7787 9196 9459 11376 3447 5298 7193 6410 0 1848 5021 5100 
6097 4437 3209 2876 3725 1589 1530 7689 5766 6367 5177 3932 3824 6309 6599 4256 3443 4948 4592 9549 4272 6107 6567 4724 3270 3851 3928 1649 6421 7830 8093 10010 1599 7146 5827 4562 1848 0 5987 3252 
7832 7580 5520 3951 9712 6742 7517 4034 9421 8088 6530 9919 7689 12296 10254 2571 7098 1039 1961 3562 7927 12094 10222 8379 2717 2136 5865 4338 4272 5213 4438 6355 7586 6995 5278 10549 5021 5987 0 9239 
9349 7689 6461 6128 2545 3231 1722 6953 7408 9619 3535 680 5466 3057 8241 6668 5085 8200 7278 12801 7308 2855 8209 6366 6522 7103 7180 4901 4967 6188 6451 8368 1653 10398 4185 1930 5100 3252 9239 0 

0 4810 7590 6369 12402 5269 14547 3431 11897 8759 9982 12799 258 7009 2424 1860 6109 11283 10197 7737 3771 2984 4867 1876 6986 4528 3632 3731 7143 9300 7028 10223 10557 8386 7614 15108 13059 6429 12810 5262 
4810 0 4888 3839 9700 7971 9737 4473 9195 3949 7280 7989 4932 4307 4828 6490 1661 8581 7495 6511 3375 3712 2165 3468 4284 5694 1188 1741 7897 6598 6920 7521 5747 3576 4128 10298 10357 1619 8000 4014 
7590 4888 0 8727 4812 12859 10453 4159 4307 4811 4122 8705 7332 581 5166 5774 3227 3693 4169 11399 3819 8600 2723 8356 3110 10582 6076 3859 12785 3616 11808 2633 6463 4920 9016 11014 5469 4367 8716 3298 
6369 3839 8727 0 13539 4132 8178 6032 13034 3916 11119 7570 6491 8146 6387 8049 5500 12420 11334 2672 4934 3385 6004 4493 8123 1855 2737 4868 4058 10437 3081 11360 4188 3807 1245 8739 14196 4360 6441 6399 
12402 9700 4812 13539 0 17671 9513 8971 529 9623 2420 6171 12144 5393 9978 10542 8039 1119 2205 16211 8631 13412 7535 13168 5644 15394 10888 8671 17597 3102 16620 2179 9757 9732 13828 10038 657 9179 11704 7140 
5269 7971 12859 4132 17671 0 9598 8700 17166 8048 15251 11702 5527 12278 7693 7129 9632 16552 15466 2788 9040 4259 10136 4503 12255 2277 6783 9000 2194 14569 2079 15492 7914 7939 3843 10159 18328 8492 7861 10531 
14547 9737 10453 8178 9513 9598 0 14210 9008 5788 7093 3544 14669 10074 14565 16227 8438 8394 7308 6810 13112 11563 9882 12671 13563 10019 10915 11478 8084 6837 7519 9690 3990 6161 6933 561 10170 8118 2191 13751 
3431 4473 4159 6032 8971 8700 14210 0 8466 8422 7879 12462 3173 4136 1007 2017 5772 7852 7926 7400 1098 4441 4328 4197 3555 6423 3295 2732 8626 7373 7649 6792 10220 8049 7277 14771 9628 6092 12473 1831 
11897 9195 4307 13034 529 17166 9008 8466 0 9118 1915 5642 11639 4888 9473 10037 7534 614 1700 15706 8126 12907 7030 12663 6173 14889 10383 8166 17092 2597 16115 2300 9252 9227 13323 9533 1162 8674 11199 6635 
8759 3949 4811 3916 9623 8048 5788 8422 9118 0 7203 4040 8881 4286 8777 10439 2650 8504 7418 6588 7324 5775 4094 6883 7775 5771 5127 5690 7974 6521 6997 7444 1798 373 4205 6349 10280 2330 4051 7963 
9982 7280 4122 11119 2420 15251 7093 7879 1915 7203 0 4583 9724 3743 8234 9896 5619 1301 215 13791 6781 10992 5115 10748 7232 12974 8468 6251 15177 682 14200 3359 7337 7312 11408 7618 3077 6759 9284 7420 
12799 7989 8705 7570 6171 11702 3544 12462 5642 4040 4583 0 12921 8326 12817 14479 6690 5304 4536 10242 11364 9815 8134 10923 11815 9425 9167 9730 11628 5089 10651 7942 3788 4413 7859 4069 6626 6370 5735 12003 
258 4932 7332 6491 12144 5527 14669 3173 11639 8881 9724 12921 0 6751 2166 1602 6231 11025 9939 7859 3513 3106 4787 1998 6728 4650 3754 3473 7265 9042 7150 9965 10679 8508 7736 15230 12801 6551 12932 5004 
7009 4307 581 8146 5393 12278 10074 4136 4888 4286 3743 8326 6751 0 4585 6153 2646 4274 3790 10818 3238 8019 2142 7775 3489 10001 5495 3278 12204 3237 11227 3214 6084 4339 8435 10635 6050 3786 8337 3677 
2424 4828 5166 6387 9978 7693 14565 1007 9473 8777 8234 12817 2166 4585 0 1662 6127 8859 8281 7755 1453 3434 4683 3190 4562 5416 3650 3087 7619 7728 7046 7799 10575 8404 7632 15126 10635 6447 12828 2838 
1860 6490 5774 8049 10542 7129 16227 2017 10037 10439 9896 14479 1602 6153 1662 0 7789 9423 9943 9417 3115 4664 6345 3556 5126 6208 5312 4749 8823 9390 8708 8363 12237 10066 9294 16788 11199 8109 14490 3402 
6109 1661 3227 5500 8039 9632 8438 5772 7534 2650 5619 6690 6231 2646 6127 7789 0 6920 5834 8172 4674 5373 1444 5129 5125 7355 2849 3040 9558 4937 8581 5860 4448 2277 5789 8999 8696 1140 6701 5313 
11283 8581 3693 12420 1119 16552 8394 7852 614 8504 1301 5304 11025 4274 8859 9423 6920 0 1086 15092 7512 12293 6416 12049 6511 14275 9769 7552 16478 1983 15501 2638 8638 8613 12709 8919 1776 8060 10585 6699 
10197 7495 4169 11334 2205 15466 7308 7926 1700 7418 215 4536 9939 3790 8281 9943 5834 1086 0 14006 6828 11207 5330 10963 7279 13189 8683 6466 15392 897 14415 3406 7552 7527 11623 7833 2862 6974 9499 7467 
7737 6511 11399 2672 16211 2788 6810 7400 15706 6588 13791 10242 7859 10818 7755 9417 8172 15092 14006 0 7580 4753 8676 5861 10795 3209 5323 7540 1386 13109 709 14032 6454 6479 2383 7371 16868 7032 5073 9071 
3771 3375 3819 4934 8631 9040 13112 1098 8126 7324 6781 11364 3513 3238 1453 3115 4674 7512 6828 7580 0 4781 3230 4537 3215 6763 2257 1634 8966 6275 7989 6452 9122 6951 6179 13673 9288 4994 11375 1491 
2984 3712 8600 3385 13412 4259 11563 4441 12907 5775 10992 9815 3106 8019 3434 4664 5373 12293 11207 4753 4781 0 5877 1108 7996 1982 2524 4741 4185 10310 4044 11233 7573 5402 4630 12124 14069 4233 9826 6272 
4867 2165 2723 6004 7535 10136 9882 4328 7030 4094 5115 8134 4787 2142 4683 6345 1444 6416 5330 8676 3230 5877 0 5633 3681 7859 3353 1596 10062 4433 9085 5356 5892 3721 6293 10443 8192 1764 8145 3869 
1876 3468 8356 4493 13168 4503 12671 4197 12663 6883 10748 10923 1998 7775 3190 3556 5129 12049 10963 5861 4537 1108 5633 0 7752 2652 2280 4497 5267 10066 5152 10989 8681 6510 5738 13232 13825 4553 10934 6028 
6986 4284 3110 8123 5644 12255 13563 3555 6173 7775 7232 11815 6728 3489 4562 5126 5125 6511 7279 10795 3215 7996 3681 7752 0 9978 5472 3255 12181 6726 11204 3873 9573 7402 8412 14124 6073 5445 11826 1724 
4528 5694 10582 1855 15394 2277 10019 6423 14889 5771 12974 9425 4650 10001 5416 6208 7355 14275 13189 3209 6763 1982 7859 2652 9978 0 4506 6723 2615 12292 2500 13215 6029 5662 3086 10580 16051 6215 8282 8254 
3632 1188 6076 2737 10888 6783 10915 3295 10383 5127 8468 9167 3754 5495 3650 5312 2849 9769 8683 5323 2257 2524 3353 2280 5472 4506 0 2217 6709 7786 5732 8709 6925 4754 3982 11476 11545 2797 9178 3748 
3731 1741 3859 4868 8671 9000 11478 2732 8166 5690 6251 9730 3473 3278 3087 4749 3040 7552 6466 7540 1634 4741 1596 4497 3255 6723 2217 0 8926 5569 7949 6492 7488 5317 5157 12039 9328 3360 9741 2273 
7143 7897 12785 4058 17597 2194 8084 8626 17092 7974 15177 11628 7265 12204 7619 8823 9558 16478 15392 1386 8966 4185 10062 5267 12181 2615 6709 8926 0 14495 977 15418 7840 7865 3769 7965 18254 8418 5893 10457 
9300 6598 3616 10437 3102 14569 6837 7373 2597 6521 682 5089 9042 3237 7728 9390 4937 1983 897 13109 6275 10310 4433 10066 6726 12292 7786 5569 14495 0 13518 2853 6655 6630 10726 7398 3759 6077 8602 6914 
7028 6920 11808 3081 16620 2079 7519 7649 16115 6997 14200 10651 7150 11227 7046 8708 8581 15501 14415 709 7989 4044 9085 5152 11204 2500 5732 7949 977 13518 0 14441 6863 6888 2792 8080 17277 7441 5782 9480 
10223 7521 2633 11360 2179 15492 9690 6792 2300 7444 3359 7942 9965 3214 7799 8363 5860 2638 3406 14032 6452 11233 5356 10989 3873 13215 8709 6492 15418 2853 14441 0 7578 7553 11649 10251 2836 7000 9525 4961 
10557 5747 6463 4188 9757 7914 3990 10220 9252 1798 7337 3788 10679 6084 10575 12237 4448 8638 7552 6454 9122 7573 5892 8681 9573 6029 6925 7488 7840 6655 6863 7578 0 2171 4071 4551 10414 4128 2253 9761 
8386 3576 4920 3807 9732 7939 6161 8049 9227 373 7312 4413 8508 4339 8404 10066 2277 8613 7527 6479 6951 5402 3721 6510 7402 5662 4754 5317 7865 6630 6888 7553 2171 0 4096 6722 10389 1957 4424 7590 
7614 4128 9016 1245 13828 3843 6933 7277 13323 4205 11408 7859 7736 8435 7632 9294 5789 12709 11623 2383 6179 4630 6293 5738 8412 3086 3982 5157 3769 10726 2792 11649 4071 4096 0 7494 14485 4649 5196 6818 
15108 10298 11014 8739 10038 10159 561 14771 9533 6349 7618 4069 15230 10635 15126 16788 8999 8919 7833 7371 13673 12124 10443 13232 14124 10580 11476 12039 7965 7398 8080 10251 4551 6722 7494 0 10695 8679 2298 14312 
13059 10357 5469 14196 657 18328 10170 9628 1162 10280 3077 6626 12801 6050 10635 11199 8696 1776 2862 16868 9288 14069 8192 13825 6073 16051 11545 9328 18254 3759 17277 2836 10414 10389 14485 10695 0 9836 12361 7797 
6429 1619 4367 4360 9179 8492 8118 6092 8674 2330 6759 6370 6551 3786 6447 8109 1140 8060 6974 7032 4994 4233 1764 4553 5445 6215 2797 3360 8418 6077 7441 7000 4128 1957 4649 8679 9836 0 6381 5633 
12810 8000 8716 6441 11704 7861 2191 12473 11199 4051 9284 5735 12932 8337 12828 14490 6701 10585 9499 5073 11375 9826 8145 10934 11826 8282 9178 9741 5893 8602 5782 9525 2253 4424 5196 2298 12361 6381 0 12014 
5262 4014 3298 6399 7140 10531 13751 1831 6635 7963 7420 12003 5004 3677 2838 3402 5313 6699 7467 9071 1491 6272 3869 6028 1724 8254 3748 2273 10457 6914 9480 4961 9761 7590 6818 14312 7797 5633 12014 0 

0 13239 9937 5108 1232 4271 3618 6022 12962 6492 3763 8550 1895 10935 8772 11189 13419 3069 15234 16783 3582 5943 3659 7170 12894 10991 12032 10848 8649 2979 6205 10138 6859 9629 8034 8858 4116 952 1594 10526 
13239 0 3302 8131 12007 8968 9621 7217 5019 6747 9476 6509 11344 5746 4467 3294 1292 10170 2397 3544 13383 8286 11192 6069 641 6730 1327 4705 4590 12296 7034 3101 6380 6612 5205 4601 9123 12519 11803 6639 
9937 3302 0 8967 8705 8958 6319 3915 7609 3445 6174 9099 8042 3156 5349 1252 3482 6868 5297 6846 10081 4984 7890 3655 3231 9320 2095 7295 1288 8994 9376 3689 3672 4022 4393 2011 5821 9217 8501 9229 
5108 8131 8967 0 4982 837 6264 8484 7854 10208 3679 3442 3213 12123 3664 9671 8311 5101 10126 11675 7438 9799 7515 5312 7786 5883 7704 5740 7797 6835 1097 5278 5295 12989 4574 10978 4256 4808 5450 5418 
1232 12007 8705 4982 0 4973 2386 4790 11730 5260 2531 7318 2711 9703 7540 9957 12187 1837 14002 15551 2456 4817 2533 5938 11662 9759 10800 9616 7417 1853 5391 8906 5627 8397 6802 7626 2884 512 468 9294 
4271 8968 8958 837 4973 0 6255 8475 8691 10199 3670 4279 2376 12114 4501 9662 9148 5092 10963 12512 7429 9790 7506 5303 8623 6720 7761 6577 7788 6826 1934 5867 5286 12980 4565 10969 4247 4799 5441 6255 
3618 9621 6319 6264 2386 6255 0 2404 9344 3944 2585 6396 3993 7317 5154 7571 9801 1163 11616 13165 3762 3535 1571 3552 9276 7373 8414 7230 5031 2675 6673 6520 3241 6725 4416 5240 2008 2898 2182 6908 
6022 7217 3915 8484 4790 8475 2404 0 7126 1724 4805 8616 6213 4913 4866 5167 7397 3383 9212 10761 6166 1315 3975 3172 6872 8837 6010 6812 2627 5079 8893 4116 3189 4505 3910 2836 4228 5302 4586 8746 
12962 5019 7609 7854 11730 8691 9344 7126 0 8850 9199 4412 11067 10765 4190 8313 6311 9893 2622 4725 13106 8441 10915 5792 4378 1971 6346 2114 6439 12019 6757 3920 6103 11631 4928 9620 8846 12242 11526 2436 
6492 6747 3445 10208 5260 10199 3944 1724 8850 0 6529 10340 7937 4443 6590 4697 6927 5107 8742 10291 6636 1539 4445 4896 6402 10561 5540 8536 2411 5549 10617 4930 4913 3137 5634 2366 5952 5772 5056 10470 
3763 9476 6174 3679 2531 3670 2585 4805 9199 6529 0 4787 1868 8444 5009 7426 9656 1422 11471 13020 3907 6120 3836 3407 9131 7228 8269 7085 4886 3156 4088 6375 3096 9310 4271 7299 577 3043 2327 6763 
8550 6509 9099 3442 7318 4279 6396 8616 4412 10340 4787 0 6655 12255 3750 9803 7801 5481 6684 8233 8694 9931 7647 5444 5868 2441 7836 2298 7929 7607 2345 5410 5427 13121 4706 11110 4434 7830 7114 1976 
1895 11344 8042 3213 2711 2376 3993 6213 11067 7937 1868 6655 0 9852 6877 9294 11524 2830 13339 14888 5167 7528 5244 5275 10999 9096 10137 8953 6754 4564 4310 8243 4964 10718 6139 8707 2221 2537 3179 8631 
10935 5746 3156 12123 9703 12114 7317 4913 10765 4443 8444 12255 9852 0 8505 2452 4454 7866 8143 6040 11079 5982 8888 6811 6387 12476 4419 10451 4326 9992 12532 6845 6828 1306 7549 2077 7867 10215 9499 12385 
8772 4467 5349 3664 7540 4501 5154 4866 4190 6590 5009 3750 6877 8505 0 6053 4647 5703 6462 8011 8916 6181 6725 1694 4122 3971 4086 2076 4179 7829 4027 1660 1913 9371 956 7360 4656 8052 7336 3880 
11189 3294 1252 9671 9957 9662 7571 5167 8313 4697 7426 9803 9294 2452 6053 0 2230 8120 5691 5594 11333 6236 9142 4359 3935 10024 1967 7999 2540 10246 10080 4393 4376 3318 5097 2331 7073 10469 9753 9933 
13419 1292 3482 8311 12187 9148 9801 7397 6311 6927 9656 7801 11524 4454 4647 2230 0 10350 3689 3364 13563 8466 11372 6249 1933 8022 1387 5997 4770 12476 8078 3281 6560 5320 5385 4561 9303 12699 11983 7931 
3069 10170 6868 5101 1837 5092 1163 3383 9893 5107 1422 5481 2830 7866 5703 8120 10350 0 12165 13714 3213 4698 2414 4101 9825 7922 8963 7779 5580 2126 5510 7069 3790 7888 4965 5877 1047 2349 1633 7457 
15234 2397 5297 10126 14002 10963 11616 9212 2622 8742 11471 6684 13339 8143 6462 5691 3689 12165 0 2103 15378 10281 13187 8064 2340 4333 3724 4386 6585 14291 9029 5096 8375 9009 7200 6998 11118 14514 13798 4708 
16783 3544 6846 11675 15551 12512 13165 10761 4725 10291 13020 8233 14888 6040 8011 5594 3364 13714 2103 0 16927 11830 14736 9613 3889 6436 4751 5935 8134 15840 10578 6645 9924 7154 8749 7925 12667 16063 15347 6345 
3582 13383 10081 7438 2456 7429 3762 6166 13106 6636 3907 8694 5167 11079 8916 11333 13563 3213 15378 16927 0 5097 2191 7314 13038 11135 12176 10992 8793 1087 7847 10282 7003 9773 8178 9002 4260 2630 1988 10670 
5943 8286 4984 9799 4817 9790 3535 1315 8441 1539 6120 9931 7528 5982 6181 6236 8466 4698 10281 11830 5097 0 2906 4487 7941 10152 7079 8127 3696 4010 10208 5185 4504 4676 5225 3905 5543 4991 4349 10061 
3659 11192 7890 7515 2533 7506 1571 3975 10915 4445 3836 7647 5244 8888 6725 9142 11372 2414 13187 14736 2191 2906 0 5123 10847 8944 9985 8801 6602 1104 7924 8091 4812 7582 5987 6811 3259 2707 2065 8479 
7170 6069 3655 5312 5938 5303 3552 3172 5792 4896 3407 5444 5275 6811 1694 4359 6249 4101 8064 9613 7314 4487 5123 0 5724 5665 4862 3678 2485 6227 5721 2968 311 7677 864 5666 3054 6450 5734 5574 
12894 641 3231 7786 11662 8623 9276 6872 4378 6402 9131 5868 10999 6387 4122 3935 1933 9825 2340 3889 13038 7941 10847 5724 0 6089 1968 4064 4245 11951 6689 2756 6035 7253 4860 5242 8778 12174 11458 5998 
10991 6730 9320 5883 9759 6720 7373 8837 1971 10561 7228 2441 9096 12476 3971 10024 8022 7922 4333 6436 11135 10152 8944 5665 6089 0 8057 2025 8150 10048 4786 5631 5648 13342 4927 11331 6875 10271 9555 465 
12032 1327 2095 7704 10800 7761 8414 6010 6346 5540 8269 7836 10137 4419 4086 1967 1387 8963 3724 4751 12176 7079 9985 4862 1968 8057 0 6032 3383 11089 8113 2426 5173 5285 3998 3274 7916 11312 10596 7966 
10848 4705 7295 5740 9616 6577 7230 6812 2114 8536 7085 2298 8953 10451 2076 7999 5997 7779 4386 5935 10992 8127 8801 3678 4064 2025 6032 0 6125 9905 4643 3606 3989 11317 2902 9306 6732 10128 9412 1934 
8649 4590 1288 7797 7417 7788 5031 2627 6439 2411 4886 7929 6754 4326 4179 2540 4770 5580 6585 8134 8793 3696 6602 2485 4245 8150 3383 6125 0 7706 8206 2519 2502 5192 3223 3181 4533 7929 7213 8059 
2979 12296 8994 6835 1853 6826 2675 5079 12019 5549 3156 7607 4564 9992 7829 10246 12476 2126 14291 15840 1087 4010 1104 6227 11951 10048 11089 9905 7706 0 7244 9195 5916 8686 7091 7915 3173 2027 1385 9583 
6205 7034 9376 1097 5391 1934 6673 8893 6757 10617 4088 2345 4310 12532 4027 10080 8078 5510 9029 10578 7847 10208 7924 5721 6689 4786 8113 4643 8206 7244 0 5687 5704 13398 4983 11387 4665 5485 5859 4321 
10138 3101 3689 5278 8906 5867 6520 4116 3920 4930 6375 5410 8243 6845 1660 4393 3281 7069 5096 6645 10282 5185 8091 2968 2756 5631 2426 3606 2519 9195 5687 0 3279 7711 2104 5700 6022 9418 8702 5540 
6859 6380 3672 5295 5627 5286 3241 3189 6103 4913 3096 5427 4964 6828 1913 4376 6560 3790 8375 9924 7003 4504 4812 311 6035 5648 5173 3989 2502 5916 5704 3279 0 7694 1175 5683 2743 6139 5423 5557 
9629 6612 4022 12989 8397 12980 6725 4505 11631 3137 9310 13121 10718 1306 9371 3318 5320 7888 9009 7154 9773 4676 7582 7677 7253 13342 5285 11317 5192 8686 13398 7711 7694 0 8415 2011 8733 8909 8193 13251 
8034 5205 4393 4574 6802 4565 4416 3910 4928 5634 4271 4706 6139 7549 956 5097 5385 4965 7200 8749 8178 5225 5987 864 4860 4927 3998 2902 3223 7091 4983 2104 1175 8415 0 6404 3918 7314 6598 4836 
8858 4601 2011 10978 7626 10969 5240 2836 9620 2366 7299 11110 8707 2077 7360 2331 4561 5877 6998 7925 9002 3905 6811 5666 5242 11331 3274 9306 3181 7915 11387 5700 5683 2011 6404 0 6722 8138 7422 11240 
4116 9123 5821 4256 2884 4247 2008 4228 8846 5952 577 4434 2221 7867 4656 7073 9303 1047 11118 12667 4260 5543 3259 3054 8778 6875 7916 6732 4533 3173 4665 6022 2743 8733 3918 6722 0 3396 2680 6410 
952 12519 9217 4808 512 4799 2898 5302 12242 5772 3043 7830 2537 10215 8052 10469 12699 2349 14514 16063 2630 4991 2707 6450 12174 10271 11312 10128 7929 2027 5485 9418 6139 8909 7314 8138 3396 0 716 9806 
1594 11803 8501 5450 468 5441 2182 4586 11526 5056 2327 7114 3179 9499 7336 9753 11983 1633 13798 15347 1988 4349 2065 5734 11458 9555 10596 9412 7213 1385 5859 8702 5423 8193 6598 7422 2680 716 0 9090 
10526 6639 9229 5418 9294 6255 6908 8746 2436 10470 6763 1976 8631 12385 3880 9933 7931 7457 4708 6345 10670 10061 8479 5574 5998 465 7966 1934 8059 9583 4321 5540 5557 13251 4836 11240 6410 9806 9090 0 

0 3269 10557 3742 6692 6159 10150 7861 3186 4765 7563 3410 5447 4466 6295 8631 5492 2186 2962 1531 3418 7054 6408 9292 5659 3537 4849 7067 6742 3853 2208 6315 243 1585 5008 3005 6994 1998 3925 4952 
3269 0 8298 4543 3423 3900 7891 4592 1349 4798 5304 5669 6654 7735 3026 6372 3725 4765 1585 2004 6687 4795 4149 6023 2810 6806 8118 4398 3473 7122 1419 3046 3512 4854 8277 3638 4735 4257 6184 5579 
10557 8298 0 12841 6441 4398 819 4664 9647 13096 2994 13967 14952 10577 6298 1926 5065 12743 9883 10302 11919 3503 4149 7767 5488 11902 9662 3900 11709 7148 8349 6256 10690 9872 9621 11936 3563 12555 14482 5605 
3742 4543 12841 0 6400 8443 12434 8695 3194 1023 9847 5836 2111 8208 6543 10915 7776 5238 2958 2539 7160 9338 8692 5550 7353 7279 8591 8941 3000 7595 4492 6585 3985 5327 8750 905 9278 4588 2537 7236 
6692 3423 6441 6400 0 3511 6034 2295 3506 6655 3447 8786 8511 11158 397 4515 7148 8188 3730 5161 10110 5014 7400 2600 1033 10229 11541 2541 5268 10545 4842 377 6935 8277 11700 5495 5052 7538 8041 9002 
6159 3900 4398 8443 3511 0 3991 4680 5249 8698 1988 9569 10554 7647 3114 2472 3637 8345 5485 5904 7521 1503 3889 6111 2478 7504 8030 3886 7311 7034 3951 3134 6292 5474 8189 7538 1541 8157 10084 5491 
10150 7891 819 12434 6034 3991 0 3845 9240 12689 2587 13560 14545 10170 5891 1519 4658 12336 9476 9895 11512 3096 4724 7360 5081 11495 9255 3493 11302 7869 7942 5849 10283 9465 9214 11529 3156 12148 14075 6326 
7861 4592 4664 8695 2295 4680 3845 0 5501 8950 2692 9955 10806 12327 2152 4830 8317 9357 5737 6330 11279 6183 8569 3621 2202 11398 12710 794 7563 11714 6011 2110 8104 9446 12869 7790 6221 8707 10336 10171 
3186 1349 9647 3194 3506 5249 9240 5501 0 3449 6653 5280 5305 7652 3349 7721 4582 4682 236 1655 6604 6144 5498 6106 4159 6723 8035 5747 3556 7039 1336 3391 3429 4771 8194 2289 6084 4032 4835 5496 
4765 4798 13096 1023 6655 8698 12689 8950 3449 0 10102 6859 1856 9231 6798 11170 8031 6261 3213 3234 8183 9593 8947 5329 7608 8302 9614 9196 1977 8618 4747 6840 5008 6350 9773 1760 9533 5611 3560 7491 
7563 5304 2994 9847 3447 1988 2587 2692 6653 10102 0 10973 11958 9635 3304 2138 5625 9749 6889 7308 8925 3491 5877 4773 2494 8908 10018 1898 8715 9022 5355 3262 7696 6878 10177 8942 3529 9561 11488 7479 
3410 5669 13967 5836 8786 9569 13560 9955 5280 6859 10973 0 7541 3390 8389 12041 8902 1224 5056 3665 2048 10464 9818 11386 8479 2065 4305 10067 8836 6819 5618 8409 3277 4095 4346 5099 10404 1412 3299 8362 
5447 6654 14952 2111 8511 10554 14545 10806 5305 1856 11958 7541 0 9913 8654 13026 9887 6943 5069 4650 8865 11449 10803 7185 9464 8984 10296 11052 3243 9300 6603 8696 5690 7032 10455 3016 11389 6293 4242 9347 
4466 7735 10577 8208 11158 7647 10170 12327 7652 9231 9635 3390 9913 0 10761 8651 5512 2970 7428 5997 1342 7074 6428 13758 10125 1325 915 11533 11208 3429 6316 10781 4223 2881 956 7471 7014 3620 5671 4972 
6295 3026 6298 6543 397 3114 5891 2152 3349 6798 3304 8389 8654 10761 0 4372 6751 7791 3585 4764 9713 4617 7003 2997 810 9832 11144 2398 5411 10148 4445 42 6538 7880 11303 5638 4655 7141 8184 8605 
8631 6372 1926 10915 4515 2472 1519 4830 7721 11170 2138 12041 13026 8651 4372 0 3487 10817 7957 8376 9993 1577 3739 6261 3562 9976 7880 4036 9783 6884 6423 4330 8764 7946 8039 10010 1637 10629 12556 5341 
5492 3725 5065 7776 7148 3637 4658 8317 4582 8031 5625 8902 9887 5512 6751 3487 0 7678 4818 5237 6854 2134 916 9748 6115 6837 4597 7523 7198 3397 3284 6771 5625 4807 4556 6871 2096 7490 9417 1854 
2186 4765 12743 5238 8188 8345 12336 9357 4682 6261 9749 1224 6943 2970 7791 10817 7678 0 4458 3027 1922 9240 8594 10788 7255 2041 3353 8843 8238 5595 4394 7811 2053 2871 3512 4501 9180 650 2701 7138 
2962 1585 9883 2958 3730 5485 9476 5737 236 3213 6889 5056 5069 7428 3585 7957 4818 4458 0 1431 6380 6380 5734 6330 4395 6499 7811 5983 3780 6815 1534 3627 3205 4547 7970 2053 6320 3808 4599 5272 
1531 2004 10302 2539 5161 5904 9895 6330 1655 3234 7308 3665 4650 5997 4764 8376 5237 3027 1431 0 4949 6799 6153 7761 4814 5068 6380 6402 5211 5384 1953 4784 1774 3116 6539 1634 6739 2377 4180 4697 
3418 6687 11919 7160 10110 7521 11512 11279 6604 8183 8925 2048 8865 1342 9713 9993 6854 1922 6380 4949 0 8416 7770 12710 9077 119 2257 10485 10160 4771 5268 9733 3175 2047 2298 6423 8356 2572 4623 6314 
7054 4795 3503 9338 5014 1503 3096 6183 6144 9593 3491 10464 11449 7074 4617 1577 2134 9240 6380 6799 8416 0 2386 7614 3981 8399 6527 5389 8206 5531 4846 4637 7187 6369 6686 8433 60 9052 10979 3988 
6408 4149 4149 8692 7400 3889 4724 8569 5498 8947 5877 9818 10803 6428 7003 3739 916 8594 5734 6153 7770 2386 0 10000 6367 7753 5513 7775 7560 3145 4200 7023 6541 5723 5472 7787 2348 8406 10333 1602 
9292 6023 7767 5550 2600 6111 7360 3621 6106 5329 4773 11386 7185 13758 2997 6261 9748 10788 6330 7761 12710 7614 10000 0 3633 12829 14141 3867 3942 13145 7442 2977 9535 10877 14300 6287 7652 10138 8087 11602 
5659 2810 5488 7353 1033 2478 5081 2202 4159 7608 2494 8479 9464 10125 810 3562 6115 7255 4395 4814 9077 3981 6367 3633 0 9196 10508 1588 6221 9512 3809 768 5902 7244 10667 6448 4019 7067 8994 7969 
3537 6806 11902 7279 10229 7504 11495 11398 6723 8302 8908 2065 8984 1325 9832 9976 6837 2041 6499 5068 119 8399 7753 12829 9196 0 2240 10604 10279 4754 5387 9852 3294 2030 2281 6542 8339 2691 4742 6297 
4849 8118 9662 8591 11541 8030 9255 12710 8035 9614 10018 4305 10296 915 11144 7880 4597 3353 7811 6380 2257 6527 5513 14141 10508 2240 0 11916 11591 2514 6699 11164 4606 3264 159 7854 6489 4003 6054 4057 
7067 4398 3900 8941 2541 3886 3493 794 5747 9196 1898 10067 11052 11533 2398 4036 7523 8843 5983 6402 10485 5389 7775 3867 1588 10604 11916 0 7809 10920 5217 2356 7310 8652 12075 8036 5427 8655 10582 9377 
6742 3473 11709 3000 5268 7311 11302 7563 3556 1977 8715 8836 3243 11208 5411 9783 7198 8238 3780 5211 10160 8206 7560 3942 6221 10279 11591 7809 0 10595 4892 5453 6985 8327 11750 3737 8146 7588 5537 9052 
3853 7122 7148 7595 10545 7034 7869 11714 7039 8618 9022 6819 9300 3429 10148 6884 3397 5595 6815 5384 4771 5531 3145 13145 9512 4754 2514 10920 10595 0 5703 10168 3610 2724 2473 6858 5493 5407 7334 1543 
2208 1419 8349 4492 4842 3951 7942 6011 1336 4747 5355 5618 6603 6316 4445 6423 3284 4394 1534 1953 5268 4846 4200 7442 3809 5387 6699 5217 4892 5703 0 4465 2341 3435 6858 3587 4786 4206 6133 4160 
6315 3046 6256 6585 377 3134 5849 2110 3391 6840 3262 8409 8696 10781 42 4330 6771 7811 3627 4784 9733 4637 7023 2977 768 9852 11164 2356 5453 10168 4465 0 6558 7900 11323 5680 4675 7161 8226 8625 
243 3512 10690 3985 6935 6292 10283 8104 3429 5008 7696 3277 5690 4223 6538 8764 5625 2053 3205 1774 3175 7187 6541 9535 5902 3294 4606 7310 6985 3610 2341 6558 0 1342 4765 3248 7127 1865 3792 5085 
1585 4854 9872 5327 8277 5474 9465 9446 4771 6350 6878 4095 7032 2881 7880 7946 4807 2871 4547 3116 2047 6369 5723 10877 7244 2030 3264 8652 8327 2724 3435 7900 1342 0 3423 4590 6309 2683 4610 4267 
5008 8277 9621 8750 11700 8189 9214 12869 8194 9773 10177 4346 10455 956 11303 8039 4556 3512 7970 6539 2298 6686 5472 14300 10667 2281 159 12075 11750 2473 6858 11323 4765 3423 0 8013 6648 4162 6213 4016 
3005 3638 11936 905 5495 7538 11529 7790 2289 1760 8942 5099 3016 7471 5638 10010 6871 4501 2053 1634 6423 8433 7787 6287 6448 6542 7854 8036 3737 6858 3587 5680 3248 4590 8013 0 8373 3851 2546 6331 
6994 4735 3563 9278 5052 1541 3156 6221 6084 9533 3529 10404 11389 7014 4655 1637 2096 9180 6320 6739 8356 60 2348 7652 4019 8339 6489 5427 8146 5493 4786 4675 7127 6309 6648 8373 0 8992 10919 3950 
1998 4257 12555 4588 7538 8157 12148 8707 4032 5611 9561 1412 6293 3620 7141 10629 7490 650 3808 2377 2572 9052 8406 10138 7067 2691 4003 8655 7588 5407 4206 7161 1865 2683 4162 3851 8992 0 2051 6950 
3925 6184 14482 2537 8041 10084 14075 10336 4835 3560 11488 3299 4242 5671 8184 12556 9417 2701 4599 4180 4623 10979 10333 8087 8994 4742 6054 10582 5537 7334 6133 8226 3792 4610 6213 2546 10919 2051 0 8877 
4952 5579 5605 7236 9002 5491 6326 10171 5496 7491 7479 8362 9347 4972 8605 5341 1854 7138 5272 4697 6314 3988 1602 11602 7969 6297 4057 9377 9052 1543 4160 8625 5085 4267 4016 6331 3950 6950 8877 0 

0 3617 4162 6381 9738 3299 9632 3339 5488 2740 7995 6146 2592 7000 3622 3409 5022 6626 1300 8733 5133 6251 2329 1057 4364 2431 2797 3268 3568 3329 5573 1079 9149 6079 10070 6232 2143 6740 6289 3974 
3617 0 7779 7544 6121 1238 10795 2176 6651 3903 6832 3447 6209 3383 6849 4572 4817 3161 2683 5468 6296 6888 4540 4508 5527 1186 4152 4431 6143 2166 6736 2538 5532 2748 6453 7395 5760 3123 4458 7591 
4162 7779 0 6715 13900 7461 9966 7055 5822 6450 7661 10308 1570 11162 3956 7413 4688 10788 5096 12895 5821 10413 3239 3271 4698 6593 3627 6932 3234 6769 5907 5241 13311 10241 14232 8634 2019 10902 10451 562 
6381 7544 6715 0 7717 6306 3251 9720 2077 3641 14376 10991 5321 7523 5253 2972 11403 10705 7681 6712 1248 4230 8710 5324 2619 6784 3584 3113 9949 9710 2154 6316 7128 4796 8547 2451 6076 4963 12002 6153 
9738 6121 13900 7717 0 6439 10496 6845 9794 7450 8109 3746 12330 2738 12970 6487 10938 3460 8804 5169 8079 6589 10661 10629 10336 7307 10273 6968 12264 7131 9871 8659 589 3659 1302 7096 11881 2998 4757 13712 
3299 1238 7461 6306 6439 0 9557 3414 5413 2665 8070 4685 5891 3701 6531 3334 5097 4399 2365 5434 5058 5650 4222 4190 4289 868 3834 3193 5825 3404 5498 2220 5850 2780 6771 6157 5442 3441 5696 7273 
9632 10795 9966 3251 10496 9557 0 12971 4144 6892 17627 14242 8572 10774 6514 6223 14654 13956 10932 5451 4499 3907 11961 8575 5268 10035 6835 6364 13200 12961 4059 9567 9973 8047 11798 3400 9327 8214 15253 9404 
3339 2176 7055 9720 6845 3414 12971 0 8827 6079 4656 3253 5485 4107 6961 6748 4093 3733 2039 7644 8472 9064 3816 4396 7703 2936 6136 6607 5419 286 8912 3404 6256 4924 7177 9571 5036 4757 3396 6867 
5488 6651 5822 2077 9794 5413 4144 8827 0 2748 13483 10098 4428 7056 3176 3307 10510 9812 6788 8789 1715 6307 7817 4431 1124 5891 2691 2826 9056 8817 85 5423 9205 6135 10126 4528 5183 6796 11109 5260 
2740 3903 6450 3641 7450 2665 6892 6079 2748 0 10735 7350 4880 4712 5520 963 7762 7064 4040 6445 2393 3963 5069 3179 2886 3143 2823 528 6308 6069 2833 2675 6861 3791 7782 3492 4431 4452 8361 6262 
7995 6832 7661 14376 8109 8070 17627 4656 13483 10735 0 4517 9055 6853 11617 11404 2973 4997 6695 12300 13128 13720 5666 9052 12359 7592 10792 11263 4427 4666 13568 8060 7654 9580 8441 14227 8300 9413 4660 8223 
6146 3447 10308 10991 3746 4685 14242 3253 10098 7350 4517 0 8738 3468 9378 8019 7346 480 5212 8915 9743 10335 7069 7037 8974 4207 7407 7878 8672 3539 10183 5067 4269 6195 3924 10842 8289 6028 1011 10120 
2592 6209 1570 5321 12330 5891 8572 5485 4428 4880 9055 8738 0 9592 2562 5843 6082 9218 3526 11325 4251 8843 3389 1701 3304 5023 2057 5362 4628 5199 4513 3671 11741 8671 12662 7064 755 9332 8881 1382 
7000 3383 11162 7523 2738 3701 10774 4107 7056 4712 6853 3468 9592 0 10232 4551 8200 3182 6066 5447 6275 6867 7923 7891 7598 4569 7535 4410 9526 4393 7133 5921 2149 2727 3070 7374 9143 2560 4479 10974 
3622 6849 3956 5253 12970 6531 6514 6961 3176 5520 11617 9378 2562 10232 0 6483 8644 9858 4922 11965 4891 9483 5951 2565 2634 5663 2697 6002 7190 6951 3099 4311 12381 9311 13302 7704 3317 9972 9521 3394 
3409 4572 7413 2972 6487 3334 6223 6748 3307 963 11404 8019 5843 4551 6483 0 8431 7733 4709 5482 1724 3000 5738 4142 3849 3812 3786 481 6977 6738 3384 3344 5898 2828 6819 2823 5394 3489 9030 7225 
5022 4817 4688 11403 10938 5097 14654 4093 10510 7762 2973 7346 6082 8200 8644 8431 0 7826 3722 9933 10155 10747 2693 6079 9386 4619 7819 8290 1454 3807 10595 5087 10349 7279 11270 11254 5327 7940 7489 5250 
6626 3161 10788 10705 3460 4399 13956 3733 9812 7064 4997 480 9218 3182 9858 7733 7826 0 5692 8629 9457 10049 7549 7517 8688 4195 7161 7592 9152 4019 9897 5547 3983 5909 3444 10556 8769 5742 1297 10600 
1300 2683 5096 7681 8804 2365 10932 2039 6788 4040 6695 5212 3526 6066 4922 4709 3722 5692 0 7799 6433 7025 1857 2357 5664 1497 4097 4568 3460 2029 6873 1365 8215 5145 9136 7532 3077 5806 5355 4908 
8733 5468 12895 6712 5169 5434 5451 7644 8789 6445 12300 8915 11325 5447 11965 5482 9933 8629 7799 0 7074 2482 9656 9624 9331 6302 9268 5963 11259 7634 8866 7654 4646 2720 6471 4261 10876 2887 9926 12707 
5133 6296 5821 1248 8079 5058 4499 8472 1715 2393 13128 9743 4251 6275 4891 1724 10155 9457 6433 7074 0 4592 7462 4076 2257 5536 2336 1865 8701 8462 1792 5068 7490 4420 8411 2813 4828 5081 10754 5633 
6251 6888 10413 4230 6589 5650 3907 9064 6307 3963 13720 10335 8843 6867 9483 3000 10747 10049 7025 2482 4592 0 8054 7142 6849 6128 6786 3481 9293 9054 6384 5660 6066 4140 7891 1779 8394 4307 11346 10225 
2329 4540 3239 8710 10661 4222 11961 3816 7817 5069 5666 7069 3389 7923 5951 5738 2693 7549 1857 9656 7462 8054 0 3386 6693 3354 5126 5597 1603 3530 7902 2394 10072 7002 10993 8561 2634 7663 7212 3051 
1057 4508 3271 5324 10629 4190 8575 4396 4431 3179 9052 7037 1701 7891 2565 4142 6079 7517 2357 9624 4076 7142 3386 0 3307 3322 1740 3661 4625 4386 4516 1970 10040 6970 10961 5363 1252 7631 7180 3083 
4364 5527 4698 2619 10336 4289 5268 7703 1124 2886 12359 8974 3304 7598 2634 3849 9386 8688 5664 9331 2257 6849 6693 3307 0 4767 1567 3368 7932 7693 1209 4299 9747 6677 10668 5070 4059 7338 9985 4136 
2431 1186 6593 6784 7307 868 10035 2936 5891 3143 7592 4207 5023 4569 5663 3812 4619 4195 1497 6302 5536 6128 3354 3322 4767 0 3200 3671 4957 2926 5976 1352 6718 3648 7639 6635 4574 4309 5218 6405 
2797 4152 3627 3584 10273 3834 6835 6136 2691 2823 10792 7407 2057 7535 2697 3786 7819 7161 4097 9268 2336 6786 5126 1740 1567 3200 0 3305 6365 6126 2776 2732 9684 6614 10605 5007 2492 7275 8418 3439 
3268 4431 6932 3113 6968 3193 6364 6607 2826 528 11263 7878 5362 4410 6002 481 8290 7592 4568 5963 1865 3481 5597 3661 3368 3671 3305 0 6836 6597 2903 3203 6379 3309 7300 2964 4913 3970 8889 6744 
3568 6143 3234 9949 12264 5825 13200 5419 9056 6308 4427 8672 4628 9526 7190 6977 1454 9152 3460 11259 8701 9293 1603 4625 7932 4957 6365 6836 0 5133 9141 3633 11675 8605 12596 9800 3873 9266 8815 3796 
3329 2166 6769 9710 7131 3404 12961 286 8817 6069 4666 3539 5199 4393 6951 6738 3807 4019 2029 7634 8462 9054 3530 4386 7693 2926 6126 6597 5133 0 8902 3394 6542 4914 7463 9561 4750 4747 3682 6581 
5573 6736 5907 2154 9871 5498 4059 8912 85 2833 13568 10183 4513 7133 3099 3384 10595 9897 6873 8866 1792 6384 7902 4516 1209 5976 2776 2903 9141 8902 0 5508 9282 6212 10203 4605 5268 6873 11194 5345 
1079 2538 5241 6316 8659 2220 9567 3404 5423 2675 8060 5067 3671 5921 4311 3344 5087 5547 1365 7654 5068 5660 2394 1970 4299 1352 2732 3203 3633 3394 5508 0 8070 5000 8991 6167 3222 5661 5686 5053 
9149 5532 13311 7128 589 5850 9973 6256 9205 6861 7654 4269 11741 2149 12381 5898 10349 3983 8215 4646 7490 6066 10072 10040 9747 6718 9684 6379 11675 6542 9282 8070 0 3070 1825 6573 11292 2409 5280 13123 
6079 2748 10241 4796 3659 2780 8047 4924 6135 3791 9580 6195 8671 2727 9311 2828 7279 5909 5145 2720 4420 4140 7002 6970 6677 3648 6614 3309 8605 4914 6212 5000 3070 0 3991 4647 8222 661 7206 10053 
10070 6453 14232 8547 1302 6771 11798 7177 10126 7782 8441 3924 12662 3070 13302 6819 11270 3444 9136 6471 8411 7891 10993 10961 10668 7639 10605 7300 12596 7463 10203 8991 1825 3991 0 8398 12213 3584 3781 14044 
6232 7395 8634 2451 7096 6157 3400 9571 4528 3492 14227 10842 7064 7374 7704 2823 11254 10556 7532 4261 2813 1779 8561 5363 5070 6635 5007 2964 9800 9561 4605 6167 6573 4647 8398 0 6615 4814 11853 8446 
2143 5760 2019 6076 11881 5442 9327 5036 5183 4431 8300 8289 755 9143 3317 5394 5327 8769 3077 10876 4828 8394 2634 1252 4059 4574 2492 4913 3873 4750 5268 3222 11292 8222 12213 6615 0 8883 8432 1831 
6740 3123 10902 4963 2998 3441 8214 4757 6796 4452 9413 6028 9332 2560 9972 3489 7940 5742 5806 2887 5081 4307 7663 7631 7338 4309 7275 3970 9266 4747 6873 5661 2409 661 3584 4814 8883 0 7039 10714 
6289 4458 10451 12002 4757 5696 15253 3396 11109 8361 4660 1011 8881 4479 9521 9030 7489 1297 5355 9926 10754 11346 7212 7180 9985 5218 8418 8889 8815 3682 11194 5686 5280 7206 3781 11853 8432 7039 0 10263 
3974 7591 562 6153 13712 7273 9404 6867 5260 6262 8223 10120 1382 10974 3394 7225 5250 10600 4908 12707 5633 10225 3051 3083 4136 6405 3439 6744 3796 6581 5345 5053 13123 10053 14044 8446 1831 10714 10263 0 

0 5829 6142 12760 8438 5223 4001 13394 4555 3303 5300 9593 4921 12866 7030 6970 7420 6415 12450 5525 9242 10246 8102 4741 11461 14673 6871 3598 2521 2299 13780 8166 7603 6777 9419 7692 15065 5170 10738 2639 
5829 0 313 6931 10923 2576 5362 7565 2068 2526 7251 3764 2730 7037 9517 5923 8843 5010 6621 2676 3413 8263 2875 1278 5868 8844 3376 8507 4178 8128 7951 9655 10090 3192 7288 10179 9236 2683 4909 8468 
6142 313 0 6618 10624 2875 5063 7252 2367 2839 6952 3451 2431 6724 9218 5624 8544 4711 6308 2377 3100 7964 3174 1401 5569 8531 3675 8820 4491 8441 7638 9356 9791 2893 6989 9880 8923 2982 4596 8781 
12760 6931 6618 0 5126 8373 8759 1036 8683 9457 7460 5999 7839 3216 10510 5790 5340 6345 3474 7235 3518 2514 8672 8019 1299 1913 9173 15438 11109 15059 1242 4594 6923 5983 3341 7922 2305 8842 3460 15399 
8438 10923 10624 5126 0 13499 5561 6162 12991 9967 3672 11125 8193 8342 6188 5000 2080 5913 8600 8247 7674 2660 13798 9645 5055 6235 14299 11116 10957 10737 5342 1268 2601 7731 3635 3600 6787 13606 8586 11077 
5223 2576 2875 8373 13499 0 7938 8171 1146 3532 9827 4370 5306 7643 12093 8499 11419 7586 7227 5252 5825 10839 2879 3854 8444 9450 1648 8661 3572 7522 9615 12231 12666 5768 9864 12755 9842 1305 5515 7862 
4001 5362 5063 8759 5561 7938 0 9393 7430 4406 1889 5592 2632 8865 4155 2969 3481 2414 8449 2686 5241 6245 8237 4084 7460 10672 8738 6679 5396 6300 9779 4293 4728 2776 5418 4817 11064 8045 6737 6640 
13394 7565 7252 1036 6162 8171 9393 0 9317 10091 8094 4963 8473 2180 11144 6424 5974 6979 2438 7869 4152 3502 7636 8653 1933 1279 8137 16072 11743 15693 2278 5228 7557 6617 3975 8556 1671 9476 2656 16033 
4555 2068 2367 8683 12991 1146 7430 9317 0 3024 9319 5516 4798 8789 11585 7991 10911 7078 8373 4744 5317 10331 4025 3346 7936 10596 2794 8153 2426 6376 9703 11723 12158 5260 9356 12247 10988 615 6661 6716 
3303 2526 2839 9457 9967 3532 4406 10091 3024 0 6295 6290 1774 9563 8561 4967 7887 4054 9147 2222 5939 7307 4799 1438 8158 11370 4332 5981 1652 5602 10477 8699 9134 3474 6332 9223 11762 3639 7435 5942 
5300 7251 6952 7460 3672 9827 1889 8094 9319 6295 0 7453 4521 7566 3050 1670 2120 2241 7150 4575 4002 4946 10126 5973 6161 9373 10627 7978 7285 7599 8480 2866 2839 4059 4119 2928 9765 9934 5438 7939 
9593 3764 3451 5999 11125 4370 5592 4963 5516 6290 7453 0 4672 3273 9719 6125 9045 5212 2857 4068 3451 8465 2673 4852 6070 5080 3174 12271 7942 11892 7241 9857 10292 3394 7490 10381 5472 5675 2539 12232 
4921 2730 2431 7839 8193 5306 2632 8473 4798 1774 4521 4672 0 7945 6787 3193 6113 2280 7529 604 4321 5533 5605 1452 6540 9752 6106 7599 3270 7220 8859 6925 7360 1856 4558 7449 10144 5413 5817 7560 
12866 7037 6724 3216 8342 7643 8865 2180 8789 9563 7566 3273 7945 0 10616 5896 6262 6451 416 7341 3624 5682 5456 8125 3287 2243 5995 15544 11215 15165 4458 7074 7509 6089 4707 8028 2199 8948 2128 15505 
7030 9517 9218 10510 6188 12093 4155 11144 11585 8561 3050 9719 6787 10616 0 4720 5170 4507 10200 6841 6992 7996 12392 8239 9211 12423 12893 4928 9551 5793 11530 5916 3587 6325 7169 2588 12815 12200 8488 5029 
6970 5923 5624 5790 5000 8499 2969 6424 7991 4967 1670 6125 3193 5896 4720 0 2920 913 5480 3247 2674 3276 8798 4645 4491 7703 9299 9648 5957 9269 6810 3732 4167 2731 2449 4256 8095 8606 3768 9609 
7420 8843 8544 5340 2080 11419 3481 5974 10911 7887 2120 9045 6113 6262 5170 2920 0 3833 6520 6167 5594 2826 11718 7565 4041 7253 12219 10098 8877 9719 6360 812 1583 5651 1999 2582 7645 11526 6506 10059 
6415 5010 4711 6345 5913 7586 2414 6979 7078 4054 2241 5212 2280 6451 4507 913 3833 0 6035 2334 2827 3831 7885 3732 5046 8258 8386 9093 5044 8714 7365 4645 5080 1818 3004 5169 8650 7693 4323 9054 
12450 6621 6308 3474 8600 7227 8449 2438 8373 9147 7150 2857 7529 416 10200 5480 6520 6035 0 6925 3208 5940 5198 7709 3545 2501 5699 15128 10799 14749 4716 7332 7767 5673 4965 7856 2615 8532 1712 15089 
5525 2676 2377 7235 8247 5252 2686 7869 4744 2222 4575 4068 604 7341 6841 3247 6167 2334 6925 0 3717 5587 5551 1398 5936 9148 6052 8203 3874 7824 8255 6979 7414 1252 4612 7503 9540 5359 5213 8164 
9242 3413 3100 3518 7674 5825 5241 4152 5317 5939 4002 3451 4321 3624 6992 2674 5594 2827 3208 3717 0 5014 6124 4501 2619 5431 6625 11920 7591 11541 4538 6406 6841 2465 4039 6930 5823 5932 1496 11881 
10246 8263 7964 2514 2660 10839 6245 3502 10331 7307 4946 8465 5533 5682 7996 3276 2826 3831 5940 5587 5014 0 11138 6985 2395 4427 11639 12924 8595 12545 3534 2080 4409 5071 975 5408 4819 10946 5926 12885 
8102 2875 3174 8672 13798 2879 8237 7636 4025 4799 10126 2673 5605 5456 12392 8798 11718 7885 5198 5551 6124 11138 0 4153 8743 7699 1231 10780 6451 10401 9914 12530 12965 6067 10163 13054 7011 4184 5212 10741 
4741 1278 1401 8019 9645 3854 4084 8653 3346 1438 5973 4852 1452 8125 8239 4645 7565 3732 7709 1398 4501 6985 4153 0 6720 9932 4654 7419 3090 7040 9039 8377 8812 2036 6010 8901 10324 3961 5997 7380 
11461 5868 5569 1299 5055 8444 7460 1933 7936 8158 6161 6070 6540 3287 9211 4491 4041 5046 3545 5936 2619 2395 8743 6720 0 3212 9244 14139 9810 13760 2319 3787 5624 4684 2042 6623 3604 8551 3531 14100 
14673 8844 8531 1913 6235 9450 10672 1279 10596 11370 9373 5080 9752 2243 12423 7703 7253 8258 2501 9148 5431 4427 7699 9932 3212 0 8200 17351 13022 16972 2215 6507 8836 7896 5254 9835 688 10755 3935 17312 
6871 3376 3675 9173 14299 1648 8738 8137 2794 4332 10627 3174 6106 5995 12893 9299 12219 8386 5699 6052 6625 11639 1231 4654 9244 8200 0 9549 5220 9170 10415 13031 13466 6568 10664 13555 8194 2953 5713 9510 
3598 8507 8820 15438 11116 8661 6679 16072 8153 5981 7978 12271 7599 15544 4928 9648 10098 9093 15128 8203 11920 12924 10780 7419 14139 17351 9549 0 6119 2361 16458 10844 8515 9455 12097 7516 17743 8768 13416 1597 
2521 4178 4491 11109 10957 3572 5396 11743 2426 1652 7285 7942 3270 11215 9551 5957 8877 5044 10799 3874 7591 8595 6451 3090 9810 13022 5220 6119 0 3950 12129 9689 10124 5126 7768 10213 13414 2649 9087 4522 
2299 8128 8441 15059 10737 7522 6300 15693 6376 5602 7599 11892 7220 15165 5793 9269 9719 8714 14749 7824 11541 12545 10401 7040 13760 16972 9170 2361 3950 0 16079 10465 8136 9076 11718 7137 17364 6407 13037 764 
13780 7951 7638 1242 5342 9615 9779 2278 9703 10477 8480 7241 8859 4458 11530 6810 6360 7365 4716 8255 4538 3534 9914 9039 2319 2215 10415 16458 12129 16079 0 5614 7943 7003 4361 8942 2903 9862 4702 16419 
8166 9655 9356 4594 1268 12231 4293 5228 11723 8699 2866 9857 6925 7074 5916 3732 812 4645 7332 6979 6406 2080 12530 8377 3787 6507 13031 10844 9689 10465 5614 0 2329 6463 2367 3328 6899 12338 7318 10805 
7603 10090 9791 6923 2601 12666 4728 7557 12158 9134 2839 10292 7360 7509 3587 4167 1583 5080 7767 7414 6841 4409 12965 8812 5624 8836 13466 8515 10124 8136 7943 2329 0 6898 3582 999 9228 12773 7753 8476 
6777 3192 2893 5983 7731 5768 2776 6617 5260 3474 4059 3394 1856 6089 6325 2731 5651 1818 5673 1252 2465 5071 6067 2036 4684 7896 6568 9455 5126 9076 7003 6463 6898 0 4096 6987 8288 5875 3961 9416 
9419 7288 6989 3341 3635 9864 5418 3975 9356 6332 4119 7490 4558 4707 7169 2449 1999 3004 4965 4612 4039 975 10163 6010 2042 5254 10664 12097 7768 11718 4361 2367 3582 4096 0 4581 5646 9971 4951 12058 
7692 10179 9880 7922 3600 12755 4817 8556 12247 9223 2928 10381 7449 8028 2588 4256 2582 5169 7856 7503 6930 5408 13054 8901 6623 9835 13555 7516 10213 7137 8942 3328 999 6987 4581 0 10227 12862 7842 7477 
15065 9236 8923 2305 6787 9842 11064 1671 10988 11762 9765 5472 10144 2199 12815 8095 7645 8650 2615 9540 5823 4819 7011 10324 3604 688 8194 17743 13414 17364 2903 6899 9228 8288 5646 10227 0 11147 4327 17704 
5170 2683 2982 8842 13606 1305 8045 9476 615 3639 9934 5675 5413 8948 12200 8606 11526 7693 8532 5359 5932 10946 4184 3961 8551 10755 2953 8768 2649 6407 9862 12338 12773 5875 9971 12862 11147 0 6820 7171 
10738 4909 4596 3460 8586 5515 6737 2656 6661 7435 5438 2539 5817 2128 8488 3768 6506 4323 1712 5213 1496 5926 5212 5997 3531 3935 5713 13416 9087 13037 4702 7318 7753 3961 4951 7842 4327 6820 0 13377 
2639 8468 8781 15399 11077 7862 6640 16033 6716 5942 7939 12232 7560 15505 5029 9609 10059 9054 15089 8164 11881 12885 10741 7380 14100 17312 9510 1597 4522 764 16419 10805 8476 9416 12058 7477 17704 7171 13377 0 

