0 38 8 44 62 108 42 24 39 75 63 56 59 76 30 
38 0 30 24 82 128 38 44 47 37 101 76 79 96 68 
8 30 0 36 70 116 34 32 35 67 71 64 67 84 38 
44 24 36 0 106 152 62 68 71 45 93 100 103 120 60 
62 82 70 106 0 46 48 38 45 81 61 30 17 50 60 
108 128 116 152 46 0 90 84 81 123 107 52 49 40 106 
42 38 34 62 48 90 0 34 9 33 105 78 65 58 72 
24 44 32 68 38 84 34 0 31 67 71 44 35 52 38 
39 47 35 71 45 81 9 31 0 42 102 75 62 49 69 
75 37 67 45 81 123 33 67 42 0 138 111 98 91 105 
63 101 71 93 61 107 105 71 102 138 0 55 58 107 33 
56 76 64 100 30 52 78 44 75 111 55 0 13 80 54 
59 79 67 103 17 49 65 35 62 98 58 13 0 67 57 
76 96 84 120 50 40 58 52 49 91 107 80 67 0 74 
30 68 38 60 60 106 72 38 69 105 33 54 57 74 0 

0 62 57 17 50 52 4 57 21 27 29 88 14 73 24 
62 0 27 47 48 114 62 119 83 35 91 86 48 83 38 
57 27 0 42 75 109 57 114 78 30 86 113 43 78 35 
17 47 42 0 33 67 15 72 36 34 44 71 15 90 9 
50 48 75 33 0 90 46 81 67 67 49 42 48 123 40 
52 114 109 67 90 0 52 9 31 79 41 128 66 33 76 
4 62 57 15 46 52 0 57 21 27 29 84 14 77 24 
57 119 114 72 81 9 57 0 36 84 32 119 71 42 81 
21 83 78 36 67 31 21 36 0 48 18 105 35 56 45 
27 35 30 34 67 79 27 84 48 0 56 105 19 56 27 
29 91 86 44 49 41 29 32 18 56 0 87 43 74 53 
88 86 113 71 42 128 84 119 105 105 87 0 86 161 78 
14 48 43 15 48 66 14 71 35 19 43 86 0 75 10 
73 83 78 90 123 33 77 42 56 56 74 161 75 0 83 
24 38 35 9 40 76 24 81 45 27 53 78 10 83 0 

0 40 59 79 41 91 27 43 68 70 48 79 87 70 53 
40 0 73 93 75 131 17 69 62 110 88 119 127 60 43 
59 73 0 138 20 120 86 102 127 63 107 64 104 129 112 
79 93 138 0 120 38 76 36 31 75 31 90 34 33 50 
41 75 20 120 0 102 68 84 109 45 89 44 86 111 94 
91 131 120 38 102 0 114 62 69 57 43 72 16 71 88 
27 17 86 76 68 114 0 52 45 93 71 102 110 43 26 
43 69 102 36 84 62 52 0 25 41 19 54 58 27 26 
68 62 127 31 109 69 45 25 0 64 26 79 65 2 19 
70 110 63 75 45 57 93 41 64 0 44 15 41 66 67 
48 88 107 31 89 43 71 19 26 44 0 59 39 28 45 
79 119 64 90 44 72 102 54 79 15 59 0 56 81 76 
87 127 104 34 86 16 110 58 65 41 39 56 0 67 84 
70 60 129 33 111 71 43 27 2 66 28 81 67 0 17 
53 43 112 50 94 88 26 26 19 67 45 76 84 17 0 

0 55 85 57 14 38 27 52 28 74 37 104 80 73 60 
55 0 30 32 59 65 82 79 39 19 92 49 25 36 87 
85 30 0 28 89 89 112 63 57 27 122 27 33 52 71 
57 32 28 0 61 61 84 47 29 43 94 47 49 68 55 
14 59 89 61 0 24 23 52 32 78 33 108 84 77 46 
38 65 89 61 24 0 33 52 32 78 33 108 84 101 40 
27 82 112 84 23 33 0 75 55 101 10 131 107 100 63 
52 79 63 47 52 52 75 0 40 90 85 56 96 115 12 
28 39 57 29 32 32 55 40 0 50 65 76 56 75 48 
74 19 27 43 78 78 101 90 50 0 111 54 6 25 98 
37 92 122 94 33 33 10 85 65 111 0 141 117 110 73 
104 49 27 47 108 108 131 56 76 54 141 0 60 79 68 
80 25 33 49 84 84 107 96 56 6 117 60 0 19 104 
73 36 52 68 77 101 100 115 75 25 110 79 19 0 123 
60 87 71 55 46 40 63 12 48 98 73 68 104 123 0 

0 113 65 70 43 41 130 86 98 22 74 155 97 66 12 
113 0 48 43 84 72 17 127 29 91 43 42 138 77 125 
65 48 0 21 66 26 65 109 33 43 25 90 120 59 77 
70 43 21 0 87 47 60 130 32 48 46 85 141 80 82 
43 84 66 87 0 40 87 43 55 53 41 112 54 23 55 
41 72 26 47 40 0 89 83 57 19 33 114 94 33 53 
130 17 65 60 87 89 0 124 32 108 56 33 135 74 142 
86 127 109 130 43 83 124 0 98 96 84 91 11 50 82 
98 29 33 32 55 57 32 98 0 76 24 57 109 48 110 
22 91 43 48 53 19 108 96 76 0 52 133 107 46 34 
74 43 25 46 41 33 56 84 24 52 0 81 95 34 86 
155 42 90 85 112 114 33 91 57 133 81 0 102 89 167 
97 138 120 141 54 94 135 11 109 107 95 102 0 61 89 
66 77 59 80 23 33 74 50 48 46 34 89 61 0 78 
12 125 77 82 55 53 142 82 110 34 86 167 89 78 0 

0 124 74 32 105 53 23 34 80 44 48 64 30 56 40 
124 0 50 156 37 71 147 140 80 116 172 60 94 68 164 
74 50 0 106 73 21 97 90 30 102 122 46 86 30 114 
32 156 106 0 137 85 9 42 88 40 16 96 62 88 8 
105 37 73 137 0 56 128 121 95 97 153 41 75 49 145 
53 71 21 85 56 0 76 69 39 85 101 29 69 13 93 
23 147 97 9 128 76 0 37 83 41 25 87 53 79 17 
34 140 90 42 121 69 37 0 60 78 32 80 62 72 34 
80 80 30 88 95 39 83 60 0 124 92 68 108 52 84 
44 116 102 40 97 85 41 78 124 0 56 56 22 72 48 
48 172 122 16 153 101 25 32 92 56 0 112 78 104 8 
64 60 46 96 41 29 87 80 68 56 112 0 40 16 104 
30 94 86 62 75 69 53 62 108 22 78 40 0 56 70 
56 68 30 88 49 13 79 72 52 72 104 16 56 0 96 
40 164 114 8 145 93 17 34 84 48 8 104 70 96 0 

0 43 62 91 17 119 55 104 29 99 33 91 30 65 22 
43 0 101 48 52 86 46 71 36 56 46 48 63 22 55 
62 101 0 149 79 77 55 100 65 157 55 149 92 123 84 
91 48 149 0 100 72 94 53 84 10 94 30 81 26 73 
17 52 79 100 0 136 72 121 46 108 50 100 33 74 31 
119 86 77 72 136 0 64 23 90 80 86 98 149 88 141 
55 46 55 94 72 64 0 49 26 102 22 94 85 68 77 
104 71 100 53 121 23 49 0 75 63 71 83 134 73 126 
29 36 65 84 46 90 26 75 0 92 10 84 59 58 51 
99 56 157 10 108 80 102 63 92 0 102 20 75 34 77 
33 46 55 94 50 86 22 71 10 102 0 94 63 68 55 
91 48 149 30 100 98 94 83 84 20 94 0 67 26 69 
30 63 92 81 33 149 85 134 59 75 63 67 0 61 8 
65 22 123 26 74 88 68 73 58 34 68 26 61 0 53 
22 55 84 73 31 141 77 126 51 77 55 69 8 53 0 

0 24 146 58 82 93 50 140 97 132 104 35 47 57 112 
24 0 122 48 58 69 32 116 101 108 80 39 51 61 88 
146 122 0 88 80 65 96 6 89 32 42 115 119 123 34 
58 48 88 0 24 35 16 90 149 74 50 87 99 109 92 
82 58 80 24 0 15 32 86 145 50 46 83 95 105 88 
93 69 65 35 15 0 43 71 130 39 31 68 80 90 73 
50 32 96 16 32 43 0 90 133 82 54 71 83 93 76 
140 116 6 90 86 71 90 0 83 38 40 109 113 117 28 
97 101 89 149 145 130 133 83 0 97 99 62 50 40 57 
132 108 32 74 50 39 82 38 97 0 28 101 105 109 40 
104 80 42 50 46 31 54 40 99 28 0 73 77 81 42 
35 39 115 87 83 68 71 109 62 101 73 0 12 22 81 
47 51 119 99 95 80 83 113 50 105 77 12 0 10 85 
57 61 123 109 105 90 93 117 40 109 81 22 10 0 89 
112 88 34 92 88 73 76 28 57 40 42 81 85 89 0 

0 53 72 59 20 33 21 100 74 55 16 124 91 83 49 
53 0 41 40 43 76 36 63 93 108 37 71 44 84 30 
72 41 0 81 62 95 51 28 52 127 56 52 19 43 71 
59 40 81 0 79 92 76 103 133 94 51 87 84 124 10 
20 43 62 79 0 33 11 90 60 65 28 114 81 73 69 
33 76 95 92 33 0 44 123 93 32 41 147 114 106 82 
21 36 51 76 11 44 0 79 57 76 25 103 70 62 66 
100 63 28 103 90 123 79 0 30 155 84 24 19 21 93 
74 93 52 133 60 93 57 30 0 125 82 54 49 13 123 
55 108 127 94 65 32 76 155 125 0 71 179 146 138 88 
16 37 56 51 28 41 25 84 82 71 0 108 75 73 41 
124 71 52 87 114 147 103 24 54 179 108 0 33 41 91 
91 44 19 84 81 114 70 19 49 146 75 33 0 40 74 
83 84 43 124 73 106 62 21 13 138 73 41 40 0 114 
49 30 71 10 69 82 66 93 123 88 41 91 74 114 0 

0 83 36 38 68 52 32 78 57 26 74 34 73 56 46 
83 0 85 63 21 47 115 41 26 79 83 69 126 117 37 
36 85 0 62 92 38 68 44 59 50 38 16 41 32 54 
38 63 62 0 42 32 52 58 37 16 60 46 103 94 26 
68 21 92 42 0 54 94 48 33 58 90 76 133 124 38 
52 47 38 32 54 0 84 26 21 48 36 22 79 70 16 
32 115 68 52 94 84 0 110 89 36 106 66 105 66 78 
78 41 44 58 48 26 110 0 21 74 42 44 85 76 32 
57 26 59 37 33 21 89 21 0 53 57 43 100 91 11 
26 79 50 16 58 48 36 74 53 0 70 34 91 82 42 
74 83 38 60 90 36 106 42 57 70 0 40 43 50 52 
34 69 16 46 76 22 66 44 43 34 40 0 57 48 38 
73 126 41 103 133 79 105 85 100 91 43 57 0 49 95 
56 117 32 94 124 70 66 76 91 82 50 48 49 0 86 
46 37 54 26 38 16 78 32 11 42 52 38 95 86 0 

0 38 62 54 67 47 39 91 57 24 10 46 59 34 47 
38 0 24 92 105 85 77 99 65 14 32 8 45 34 85 
62 24 0 116 129 109 101 83 49 38 56 16 29 28 109 
54 92 116 0 41 15 15 81 79 78 60 100 113 88 35 
67 105 129 41 0 26 54 122 92 91 73 113 126 101 20 
47 85 109 15 26 0 28 96 72 71 53 93 106 81 20 
39 77 101 15 54 28 0 68 64 63 45 85 98 73 48 
91 99 83 81 122 96 68 0 38 89 81 95 72 65 116 
57 65 49 79 92 72 64 38 0 55 47 61 34 31 82 
24 14 38 78 91 71 63 89 55 0 18 22 35 24 71 
10 32 56 60 73 53 45 81 47 18 0 40 53 28 53 
46 8 16 100 113 93 85 95 61 22 40 0 41 30 93 
59 45 29 113 126 106 98 72 34 35 53 41 0 25 106 
34 34 28 88 101 81 73 65 31 24 28 30 25 0 81 
47 85 109 35 20 20 48 116 82 71 53 93 106 81 0 

0 24 15 105 81 61 100 53 39 39 20 83 28 44 74 
24 0 27 81 91 37 76 37 15 49 10 93 30 48 84 
15 27 0 108 66 64 103 56 42 24 35 68 31 47 59 
105 81 108 0 82 44 9 52 66 124 85 80 77 61 121 
81 91 66 82 0 76 77 54 104 42 101 2 61 43 39 
61 37 64 44 76 0 41 22 28 80 41 78 33 33 77 
100 76 103 9 77 41 0 47 69 119 80 75 72 56 116 
53 37 56 52 54 22 47 0 50 72 47 56 25 11 69 
39 15 42 66 104 28 69 50 0 62 19 106 43 61 97 
39 49 24 124 42 80 119 72 62 0 59 44 47 63 35 
20 10 35 85 101 41 80 47 19 59 0 103 40 58 94 
83 93 68 80 2 78 75 56 106 44 103 0 63 45 41 
28 30 31 77 61 33 72 25 43 47 40 63 0 18 54 
44 48 47 61 43 33 56 11 61 63 58 45 18 0 60 
74 84 59 121 39 77 116 69 97 35 94 41 54 60 0 

0 98 67 90 65 92 123 120 90 106 88 89 94 115 91 
98 0 31 60 111 54 77 74 28 24 90 15 72 69 7 
67 31 0 65 90 33 98 95 23 45 63 22 69 90 24 
90 60 65 0 155 98 33 30 72 68 30 59 12 25 53 
65 111 90 155 0 57 188 185 83 135 153 96 159 180 112 
92 54 33 98 57 0 131 128 26 78 96 39 102 123 55 
123 77 98 33 188 131 0 3 105 53 45 92 29 10 76 
120 74 95 30 185 128 3 0 102 50 48 89 30 7 73 
90 28 23 72 83 26 105 102 0 52 82 13 76 97 29 
106 24 45 68 135 78 53 50 52 0 98 39 80 45 23 
88 90 63 30 153 96 45 48 82 98 0 81 18 55 83 
89 15 22 59 96 39 92 89 13 39 81 0 63 84 16 
94 72 69 12 159 102 29 30 76 80 18 63 0 37 65 
115 69 90 25 180 123 10 7 97 45 55 84 37 0 68 
91 7 24 53 112 55 76 73 29 23 83 16 65 68 0 

0 115 80 73 70 85 17 134 103 22 93 25 16 91 109 
115 0 87 42 45 30 132 19 70 117 22 90 99 24 6 
80 87 0 61 50 63 97 92 23 82 69 89 64 69 81 
73 42 61 0 11 12 90 61 44 75 20 48 57 18 36 
70 45 50 11 0 15 87 64 33 72 23 45 54 21 39 
85 30 63 12 15 0 102 49 46 87 8 60 69 6 24 
17 132 97 90 87 102 0 151 120 15 110 42 33 108 126 
134 19 92 61 64 49 151 0 75 136 41 109 118 43 25 
103 70 23 44 33 46 120 75 0 105 52 78 87 52 64 
22 117 82 75 72 87 15 136 105 0 95 47 18 93 111 
93 22 69 20 23 8 110 41 52 95 0 68 77 2 16 
25 90 89 48 45 60 42 109 78 47 68 0 35 66 84 
16 99 64 57 54 69 33 118 87 18 77 35 0 75 93 
91 24 69 18 21 6 108 43 52 93 2 66 75 0 18 
109 6 81 36 39 24 126 25 64 111 16 84 93 18 0 

0 46 111 44 72 36 96 20 86 81 97 115 98 80 91 
46 0 93 90 86 24 72 26 40 127 83 69 84 50 73 
111 93 0 91 87 117 49 97 57 128 84 68 85 43 74 
44 90 91 0 32 80 140 64 130 37 57 159 58 124 51 
72 86 87 32 0 78 136 60 126 41 25 155 26 120 19 
36 24 117 80 78 0 96 20 60 117 103 81 104 74 97 
96 72 49 140 136 96 0 76 36 177 133 19 134 22 123 
20 26 97 64 60 20 76 0 66 101 83 95 84 60 77 
86 40 57 130 126 60 36 66 0 167 123 29 124 14 113 
81 127 128 37 41 117 177 101 167 0 44 196 43 161 54 
97 83 84 57 25 103 133 83 123 44 0 152 1 117 10 
115 69 68 159 155 81 19 95 29 196 152 0 153 35 142 
98 84 85 58 26 104 134 84 124 43 1 153 0 118 11 
80 50 43 124 120 74 22 60 14 161 117 35 118 0 107 
91 73 74 51 19 97 123 77 113 54 10 142 11 107 0 

0 96 157 45 115 144 103 52 64 96 71 77 109 75 31 
96 0 63 51 19 78 133 46 94 60 101 63 13 21 87 
157 63 0 112 58 15 76 105 121 61 134 80 66 82 148 
45 51 112 0 70 99 142 55 103 69 110 72 64 30 70 
115 19 58 70 0 73 128 63 89 55 96 58 8 40 106 
144 78 15 99 73 0 63 92 108 48 121 67 81 97 135 
103 133 76 142 128 63 0 87 45 73 58 70 136 152 72 
52 46 105 55 63 92 87 0 48 44 55 25 57 65 43 
64 94 121 103 89 108 45 48 0 60 13 41 97 113 33 
96 60 61 69 55 48 73 44 60 0 73 19 63 79 87 
71 101 134 110 96 121 58 55 13 73 0 54 104 120 40 
77 63 80 72 58 67 70 25 41 19 54 0 66 82 68 
109 13 66 64 8 81 136 57 97 63 104 66 0 34 100 
75 21 82 30 40 97 152 65 113 79 120 82 34 0 80 
31 87 148 70 106 135 72 43 33 87 40 68 100 80 0 

0 25 60 131 77 49 116 51 91 116 74 86 129 65 92 
25 0 35 106 58 30 91 26 66 91 49 81 104 40 67 
60 35 0 71 37 51 58 31 31 56 68 60 69 55 40 
131 106 71 0 82 84 15 80 40 91 57 105 80 66 85 
77 58 37 82 0 88 95 68 50 39 105 23 52 92 15 
49 30 51 84 88 0 69 20 44 97 27 111 86 18 91 
116 91 58 15 95 69 0 65 45 104 42 118 93 51 98 
51 26 31 80 68 20 65 0 40 77 37 91 78 24 71 
91 66 31 40 50 44 45 40 0 59 55 73 48 42 53 
116 91 56 91 39 97 104 77 59 0 114 30 13 101 24 
74 49 68 57 105 27 42 37 55 114 0 128 103 13 108 
86 81 60 105 23 111 118 91 73 30 128 0 43 115 20 
129 104 69 80 52 86 93 78 48 13 103 43 0 90 37 
65 40 55 66 92 18 51 24 42 101 13 115 90 0 95 
92 67 40 85 15 91 98 71 53 24 108 20 37 95 0 

0 19 135 59 55 61 51 33 14 127 119 118 78 64 64 
19 0 128 52 48 54 54 26 13 120 112 111 71 57 57 
135 128 0 76 80 74 84 102 121 8 50 23 57 71 71 
59 52 76 0 18 2 54 26 45 68 60 59 19 29 25 
55 48 80 18 0 20 72 44 41 72 64 73 23 11 43 
61 54 74 2 20 0 52 28 47 66 58 57 17 31 23 
51 54 84 54 72 52 0 28 41 76 72 67 55 83 29 
33 26 102 26 44 28 28 0 19 94 86 85 45 55 31 
14 13 121 45 41 47 41 19 0 113 105 104 64 50 50 
127 120 8 68 72 66 76 94 113 0 52 21 49 63 63 
119 112 50 60 64 58 72 86 105 52 0 73 41 55 55 
118 111 23 59 73 57 67 85 104 21 73 0 56 84 54 
78 71 57 19 23 17 55 45 64 49 41 56 0 28 26 
64 57 71 29 11 31 83 55 50 63 55 84 28 0 54 
64 57 71 25 43 23 29 31 50 63 55 54 26 54 0 

0 52 61 42 83 49 32 27 29 92 62 35 14 71 39 
52 0 33 94 31 35 26 25 23 144 12 19 38 71 61 
61 33 0 103 36 68 29 34 32 153 21 26 47 100 70 
42 94 103 0 125 91 74 69 71 50 104 77 56 87 33 
83 31 36 125 0 34 51 56 54 175 21 48 69 102 92 
49 35 68 91 34 0 61 50 38 141 47 54 35 68 78 
32 26 29 74 51 61 0 11 23 124 30 7 32 93 41 
27 25 34 69 56 50 11 0 12 119 35 8 21 82 36 
29 23 32 71 54 38 23 12 0 121 33 16 15 70 40 
92 144 153 50 175 141 124 119 121 0 154 127 106 73 83 
62 12 21 104 21 47 30 35 33 154 0 27 48 81 71 
35 19 26 77 48 54 7 8 16 127 27 0 25 86 44 
14 38 47 56 69 35 32 21 15 106 48 25 0 61 49 
71 71 100 87 102 68 93 82 70 73 81 86 61 0 110 
39 61 70 33 92 78 41 36 40 83 71 44 49 110 0 

0 68 25 76 90 92 91 129 125 154 71 54 61 110 81 
68 0 89 12 82 120 23 65 61 90 3 82 31 52 17 
25 89 0 101 115 117 102 154 150 179 86 79 58 135 106 
76 12 101 0 78 116 27 53 49 78 15 78 43 48 9 
90 82 115 78 0 38 105 39 63 64 85 36 75 30 69 
92 120 117 116 38 0 143 71 101 90 123 38 113 68 107 
91 23 102 27 105 143 0 72 48 77 20 105 44 75 36 
129 65 154 53 39 71 72 0 30 25 68 75 96 19 48 
125 61 150 49 63 101 48 30 0 29 64 71 92 33 44 
154 90 179 78 64 90 77 25 29 0 93 100 121 44 73 
71 3 86 15 85 123 20 68 64 93 0 85 28 55 20 
54 82 79 78 36 38 105 75 71 100 85 0 75 56 69 
61 31 58 43 75 113 44 96 92 121 28 75 0 77 48 
110 52 135 48 30 68 75 19 33 44 55 56 77 0 39 
81 17 106 9 69 107 36 48 44 73 20 69 48 39 0 

0 86 6 82 155 11 72 15 111 103 26 79 25 64 128 
86 0 90 14 69 97 60 101 25 73 60 51 83 56 42 
6 90 0 86 159 7 76 13 115 107 30 85 31 68 132 
82 14 86 0 73 93 74 97 35 87 60 47 79 70 46 
155 69 159 73 0 166 83 170 44 52 129 120 152 91 27 
11 97 7 93 166 0 83 8 122 114 37 80 26 75 139 
72 60 76 74 83 83 0 87 39 31 46 79 69 8 56 
15 101 13 97 170 8 87 0 126 118 41 72 18 79 143 
111 25 115 35 44 122 39 126 0 52 85 76 108 47 17 
103 73 107 87 52 114 31 118 52 0 77 92 100 39 53 
26 60 30 60 129 37 46 41 85 77 0 65 23 38 102 
79 51 85 47 120 80 79 72 76 92 65 0 54 75 93 
25 83 31 79 152 26 69 18 108 100 23 54 0 61 125 
64 56 68 70 91 75 8 79 47 39 38 75 61 0 64 
128 42 132 46 27 139 56 143 17 53 102 93 125 64 0 

0 114 33 60 56 44 99 17 56 58 56 85 17 57 62 
114 0 81 96 58 80 83 97 94 76 74 29 103 57 52 
33 81 0 39 23 65 78 16 77 37 77 52 22 58 57 
60 96 39 0 54 104 39 51 116 20 116 67 43 97 96 
56 58 23 54 0 50 93 39 62 52 62 29 45 43 42 
44 80 65 104 50 0 143 53 14 102 12 51 61 23 28 
99 83 78 39 93 143 0 90 155 41 155 96 82 136 135 
17 97 16 51 39 53 90 0 65 49 65 68 8 46 45 
56 94 77 116 62 14 155 65 0 114 20 65 73 37 42 
58 76 37 20 52 102 41 49 114 0 114 55 41 95 94 
56 74 77 116 62 12 155 65 20 114 0 59 73 19 22 
85 29 52 67 29 51 96 68 65 55 59 0 74 40 39 
17 103 22 43 45 61 82 8 73 41 73 74 0 54 53 
57 57 58 97 43 23 136 46 37 95 19 40 54 0 5 
62 52 57 96 42 28 135 45 42 94 22 39 53 5 0 

0 21 65 66 96 74 71 29 65 99 84 61 88 62 34 
21 0 44 45 75 95 50 26 44 120 63 82 67 51 13 
65 44 0 43 31 105 34 70 12 130 43 92 23 61 55 
66 45 43 0 74 140 49 37 47 165 78 127 66 96 32 
96 75 31 74 0 86 53 101 31 111 24 85 20 42 86 
74 95 105 140 86 0 139 103 93 25 62 51 106 44 108 
71 50 34 49 53 139 0 76 46 164 77 126 33 95 61 
29 26 70 37 101 103 76 0 70 128 89 90 93 67 15 
65 44 12 47 31 93 46 70 0 118 31 80 23 49 55 
99 120 130 165 111 25 164 128 118 0 87 40 131 69 133 
84 63 43 78 24 62 77 89 31 87 0 73 44 22 74 
61 82 92 127 85 51 126 90 80 40 73 0 93 51 95 
88 67 23 66 20 106 33 93 23 131 44 93 0 62 78 
62 51 61 96 42 44 95 67 49 69 22 51 62 0 64 
34 13 55 32 86 108 61 15 55 133 74 95 78 64 0 

0 119 90 89 19 29 81 45 44 71 131 21 53 67 60 
119 0 47 30 138 114 38 86 107 86 12 140 74 52 59 
90 47 0 69 109 85 41 57 78 57 57 111 113 97 78 
89 30 69 0 108 84 28 56 77 80 42 110 44 28 29 
19 138 109 108 0 36 100 52 51 78 150 10 64 86 79 
29 114 85 84 36 0 76 28 15 42 126 26 82 66 55 
81 38 41 28 100 76 0 48 69 52 50 102 72 56 37 
45 86 57 56 52 28 48 0 21 26 98 54 98 82 63 
44 107 78 77 51 15 69 21 0 27 119 41 97 81 62 
71 86 57 80 78 42 52 26 27 0 98 68 124 108 89 
131 12 57 42 150 126 50 98 119 98 0 152 86 64 71 
21 140 111 110 10 26 102 54 41 68 152 0 66 88 81 
53 74 113 44 64 82 72 98 97 124 86 66 0 22 35 
67 52 97 28 86 66 56 82 81 108 64 88 22 0 19 
60 59 78 29 79 55 37 63 62 89 71 81 35 19 0 

0 75 61 35 30 62 34 53 33 53 65 54 52 84 40 
75 0 46 102 97 77 59 26 66 104 74 41 75 33 69 
61 46 0 96 91 71 53 20 60 58 28 35 29 23 63 
35 102 96 0 17 53 43 88 36 88 100 61 87 119 33 
30 97 91 17 0 70 42 83 41 83 95 62 82 114 48 
62 77 71 53 70 0 28 63 29 91 75 36 62 94 22 
34 59 53 43 42 28 0 45 7 63 57 20 44 76 10 
53 26 20 88 83 63 45 0 52 78 48 27 49 31 55 
33 66 60 36 41 29 7 52 0 62 64 25 51 83 7 
53 104 58 88 83 91 63 78 62 0 30 83 29 71 69 
65 74 28 100 95 75 57 48 64 30 0 53 13 41 67 
54 41 35 61 62 36 20 27 25 83 53 0 54 58 28 
52 75 29 87 82 62 44 49 51 29 13 54 0 42 54 
84 33 23 119 114 94 76 31 83 71 41 58 42 0 86 
40 69 63 33 48 22 10 55 7 69 67 28 54 86 0 

0 80 93 91 81 88 122 101 80 126 9 22 61 56 62 
80 0 13 115 1 90 78 95 26 80 73 68 29 136 108 
93 13 0 128 12 103 91 108 19 85 86 81 36 149 121 
91 115 128 0 116 25 37 20 115 43 82 113 96 39 29 
81 1 12 116 0 91 79 96 25 79 74 69 30 137 109 
88 90 103 25 91 0 34 13 90 38 79 110 71 46 26 
122 78 91 37 79 34 0 21 78 6 113 144 105 70 60 
101 95 108 20 96 13 21 0 95 25 92 123 84 49 39 
80 26 19 115 25 90 78 95 0 72 73 94 55 136 108 
126 80 85 43 79 38 6 25 72 0 117 148 109 74 64 
9 73 86 82 74 79 113 92 73 117 0 31 54 63 53 
22 68 81 113 69 110 144 123 94 148 31 0 49 74 84 
61 29 36 96 30 71 105 84 55 109 54 49 0 117 89 
56 136 149 39 137 46 70 49 136 74 63 74 117 0 28 
62 108 121 29 109 26 60 39 108 64 53 84 89 28 0 

0 133 80 152 55 10 87 66 18 80 80 46 30 79 67 
133 0 53 19 78 123 46 105 151 53 65 87 151 54 66 
80 53 0 72 33 70 15 58 98 32 72 34 98 1 13 
152 19 72 0 97 142 65 124 170 72 84 106 170 73 85 
55 78 33 97 0 45 48 91 73 65 105 17 73 32 24 
10 123 70 142 45 0 77 60 28 70 74 36 28 69 57 
87 46 15 65 48 77 0 59 105 17 57 41 105 16 24 
66 105 58 124 91 60 59 0 56 52 40 74 46 59 67 
18 151 98 170 73 28 105 56 0 98 86 64 20 97 85 
80 53 32 72 65 70 17 52 98 0 40 48 98 33 41 
80 65 72 84 105 74 57 40 86 40 0 88 86 73 81 
46 87 34 106 17 36 41 74 64 48 88 0 64 33 21 
30 151 98 170 73 28 105 46 20 98 86 64 0 97 85 
79 54 1 73 32 69 16 59 97 33 73 33 97 0 12 
67 66 13 85 24 57 24 67 85 41 81 21 85 12 0 

0 102 138 128 55 91 101 7 51 90 56 34 44 76 10 
102 0 90 84 83 43 119 95 117 68 46 86 92 82 112 
138 90 0 24 83 47 59 143 87 48 88 172 94 62 140 
128 84 24 0 73 53 35 133 77 38 78 162 84 52 130 
55 83 83 73 0 52 46 60 34 35 37 89 11 21 57 
91 43 47 53 52 0 88 96 86 37 41 125 61 51 93 
101 119 59 35 46 88 0 106 50 51 73 135 57 37 103 
7 95 143 133 60 96 106 0 56 95 55 29 49 81 17 
51 117 87 77 34 86 50 56 0 49 71 85 25 35 53 
90 68 48 38 35 37 51 95 49 0 40 124 46 14 92 
56 46 88 78 37 41 73 55 71 40 0 84 46 36 66 
34 86 172 162 89 125 135 29 85 124 84 0 78 110 32 
44 92 94 84 11 61 57 49 25 46 46 78 0 32 46 
76 82 62 52 21 51 37 81 35 14 36 110 32 0 78 
10 112 140 130 57 93 103 17 53 92 66 32 46 78 0 

0 74 18 50 73 12 47 86 100 40 76 26 101 75 59 
74 0 56 24 99 62 27 54 26 34 42 52 27 101 15 
18 56 0 66 57 20 51 68 82 50 58 10 83 59 47 
50 24 66 0 123 46 15 78 50 16 66 76 51 125 19 
73 99 57 123 0 77 108 45 109 107 57 47 112 12 104 
12 62 20 46 77 0 35 74 88 30 64 30 89 79 47 
47 27 51 15 108 35 0 63 53 7 51 61 54 110 12 
86 54 68 78 45 74 63 0 64 62 12 64 67 47 59 
100 26 82 50 109 88 53 64 0 60 52 78 3 111 41 
40 34 50 16 107 30 7 62 60 0 50 60 61 109 19 
76 42 58 66 57 64 51 12 52 50 0 54 55 59 47 
26 52 10 76 47 30 61 64 78 60 54 0 79 49 57 
101 27 83 51 112 89 54 67 3 61 55 79 0 114 42 
75 101 59 125 12 79 110 47 111 109 59 49 114 0 106 
59 15 47 19 104 47 12 59 41 19 47 57 42 106 0 

0 30 90 33 99 78 50 95 37 45 64 61 78 47 47 
30 0 60 53 119 62 22 115 57 25 84 31 74 17 21 
90 60 0 63 111 54 40 107 97 47 76 29 66 43 43 
33 53 63 0 66 51 75 62 34 78 31 36 51 70 32 
99 119 111 66 0 57 141 32 62 144 35 102 51 136 98 
78 62 54 51 57 0 84 53 85 87 64 45 12 79 41 
50 22 40 75 141 84 0 137 79 7 106 39 96 5 43 
95 115 107 62 32 53 137 0 66 140 45 98 41 132 94 
37 57 97 34 62 85 79 66 0 82 27 68 85 74 54 
45 25 47 78 144 87 7 140 82 0 109 42 99 8 46 
64 84 76 31 35 64 106 45 27 109 0 67 64 101 63 
61 31 29 36 102 45 39 98 68 42 67 0 57 34 14 
78 74 66 51 51 12 96 41 85 99 64 57 0 91 53 
47 17 43 70 136 79 5 132 74 8 101 34 91 0 38 
47 21 43 32 98 41 43 94 54 46 63 14 53 38 0 

0 98 34 55 92 84 22 98 83 77 76 87 103 34 63 
98 0 132 83 6 96 76 12 15 55 94 29 83 132 79 
34 132 0 49 126 118 56 132 117 111 52 121 137 2 97 
55 83 49 0 77 69 69 83 72 62 21 72 88 49 48 
92 6 126 77 0 92 70 8 9 51 90 25 79 126 75 
84 96 118 69 92 0 92 84 95 41 80 67 19 118 21 
22 76 56 69 70 92 0 76 61 55 90 65 81 56 75 
98 12 132 83 8 84 76 0 15 43 94 17 71 132 67 
83 15 117 72 9 95 61 15 0 54 93 28 82 117 78 
77 55 111 62 51 41 55 43 54 0 73 26 28 111 24 
76 94 52 21 90 80 90 94 93 73 0 83 99 54 59 
87 29 121 72 25 67 65 17 28 26 83 0 54 121 50 
103 83 137 88 79 19 81 71 82 28 99 54 0 137 40 
34 132 2 49 126 118 56 132 117 111 54 121 137 0 97 
63 79 97 48 75 21 75 67 78 24 59 50 40 97 0 

0 55 65 40 76 110 55 78 70 42 93 103 120 38 113 
55 0 24 45 61 55 40 63 57 31 78 48 105 93 58 
65 24 0 69 37 45 30 39 67 41 54 38 81 103 48 
40 45 69 0 106 96 85 108 100 72 123 63 150 78 77 
76 61 37 106 0 46 29 2 66 40 17 53 44 102 49 
110 55 45 96 46 0 75 46 112 86 47 43 64 148 19 
55 40 30 85 29 75 0 29 37 13 38 68 65 73 78 
78 63 39 108 2 46 29 0 66 40 15 55 42 102 49 
70 57 67 100 66 112 37 66 0 28 65 105 50 42 115 
42 31 41 72 40 86 13 40 28 0 51 79 78 62 89 
93 78 54 123 17 47 38 15 65 51 0 70 27 101 50 
103 48 38 63 53 43 68 55 105 79 70 0 97 141 24 
120 105 81 150 44 64 65 42 50 78 27 97 0 92 73 
38 93 103 78 102 148 73 102 42 62 101 141 92 0 151 
113 58 48 77 49 19 78 49 115 89 50 24 73 151 0 

0 39 132 153 73 110 124 44 114 136 69 110 44 41 52 
39 0 101 122 34 79 93 11 83 105 108 83 37 80 87 
132 101 0 21 79 56 36 90 18 4 65 38 88 121 80 
153 122 21 0 98 43 29 111 39 23 86 57 109 142 101 
73 34 79 98 0 55 69 29 83 83 142 117 71 114 121 
110 79 56 43 55 0 20 68 60 60 119 94 66 99 98 
124 93 36 29 69 20 0 82 40 40 99 74 80 113 78 
44 11 90 111 29 68 82 0 72 94 113 88 42 85 92 
114 83 18 39 83 60 40 72 0 22 59 34 70 103 62 
136 105 4 23 83 60 40 94 22 0 69 34 92 125 84 
69 108 65 86 142 119 99 113 59 69 0 43 71 56 21 
110 83 38 57 117 94 74 88 34 34 43 0 66 99 58 
44 37 88 109 71 66 80 42 70 92 71 66 0 43 50 
41 80 121 142 114 99 113 85 103 125 56 99 43 0 41 
52 87 80 101 121 98 78 92 62 84 21 58 50 41 0 

0 46 87 48 147 114 69 27 83 85 86 47 56 50 79 
46 0 49 32 101 98 23 31 37 69 54 39 40 64 35 
87 49 0 81 62 147 62 60 64 118 103 40 89 105 84 
48 32 81 0 131 66 53 63 67 41 70 71 22 34 63 
147 101 62 131 0 91 78 120 64 90 61 100 109 165 68 
114 98 147 66 91 0 85 129 83 29 44 137 58 74 63 
69 23 62 53 78 85 0 44 14 56 41 52 31 87 22 
27 31 60 63 120 129 44 0 56 100 85 20 71 65 66 
83 37 64 67 64 83 14 56 0 54 39 54 45 101 20 
85 69 118 41 90 29 56 100 54 0 29 108 29 75 34 
86 54 103 70 61 44 41 85 39 29 0 93 48 104 19 
47 39 40 71 100 137 52 20 54 108 93 0 79 73 74 
56 40 89 22 109 58 31 71 45 29 48 79 0 56 41 
50 64 105 34 165 74 87 65 101 75 104 73 56 0 97 
79 35 84 63 68 63 22 66 20 34 19 74 41 97 0 

0 76 74 101 38 110 86 32 61 42 74 85 57 80 46 
76 0 2 177 114 90 104 96 117 34 116 101 87 156 60 
74 2 0 175 112 92 102 94 115 32 114 99 85 154 58 
101 177 175 0 63 103 73 81 60 143 61 76 90 21 117 
38 114 112 63 0 96 72 18 47 80 60 71 43 42 54 
110 90 92 103 96 0 30 78 49 88 42 27 53 82 64 
86 104 102 73 72 30 0 54 25 70 12 3 29 52 44 
32 96 94 81 18 78 54 0 29 62 42 53 25 60 36 
61 117 115 60 47 49 25 29 0 83 13 24 30 39 57 
42 34 32 143 80 88 70 62 83 0 82 67 53 122 26 
74 116 114 61 60 42 12 42 13 82 0 15 29 40 56 
85 101 99 76 71 27 3 53 24 67 15 0 28 55 41 
57 87 85 90 43 53 29 25 30 53 29 28 0 69 27 
80 156 154 21 42 82 52 60 39 122 40 55 69 0 96 
46 60 58 117 54 64 44 36 57 26 56 41 27 96 0 

0 109 24 15 77 28 120 76 128 70 39 24 57 111 104 
109 0 85 122 94 87 11 55 19 39 130 85 52 18 23 
24 85 0 37 87 18 96 52 104 46 49 26 47 87 80 
15 122 37 0 62 43 133 89 141 83 24 37 70 124 117 
77 94 87 62 0 105 105 105 113 55 38 61 42 96 89 
28 87 18 43 105 0 98 54 106 56 67 44 65 89 82 
120 11 96 133 105 98 0 56 8 50 141 96 63 19 24 
76 55 52 89 105 54 56 0 64 56 97 52 65 37 32 
128 19 104 141 113 106 8 64 0 58 149 104 71 27 32 
70 39 46 83 55 56 50 56 58 0 91 46 13 41 34 
39 130 49 24 38 67 141 97 149 91 0 45 78 132 125 
24 85 26 37 61 44 96 52 104 46 45 0 33 87 80 
57 52 47 70 42 65 63 65 71 13 78 33 0 54 47 
111 18 87 124 96 89 19 37 27 41 132 87 54 0 7 
104 23 80 117 89 82 24 32 32 34 125 80 47 7 0 

0 60 23 107 59 20 82 69 99 45 73 110 39 59 85 
60 0 63 47 41 70 22 11 137 83 13 52 77 97 57 
23 63 0 110 36 43 85 72 122 68 76 113 62 82 88 
107 47 110 0 88 117 25 38 112 110 34 27 80 110 32 
59 41 36 88 0 79 63 50 158 104 54 91 98 118 78 
20 70 43 117 79 0 92 79 79 25 83 120 37 39 95 
82 22 85 25 63 92 0 13 117 85 29 32 57 85 37 
69 11 72 38 50 79 13 0 126 72 20 41 66 86 46 
99 137 122 112 158 79 117 126 0 54 146 85 60 42 80 
45 83 68 110 104 25 85 72 54 0 92 113 30 14 88 
73 13 76 34 54 83 29 20 146 92 0 61 86 106 66 
110 52 113 27 91 120 32 41 85 113 61 0 83 113 25 
39 77 62 80 98 37 57 66 60 30 86 83 0 30 58 
59 97 82 110 118 39 85 86 42 14 106 113 30 0 88 
85 57 88 32 78 95 37 46 80 88 66 25 58 88 0 

0 68 89 34 100 54 25 68 44 70 84 105 20 77 49 
68 0 31 72 42 64 83 68 54 108 74 43 76 33 75 
89 31 0 103 11 95 114 99 85 139 105 74 107 64 72 
34 72 103 0 114 20 21 34 18 36 50 71 14 43 63 
100 42 11 114 0 106 125 110 96 150 116 85 118 75 61 
54 64 95 20 106 0 41 14 10 44 30 51 34 31 61 
25 83 114 21 125 41 0 55 31 57 71 92 7 64 74 
68 68 99 34 110 14 55 0 24 40 16 37 48 35 75 
44 54 85 18 96 10 31 24 0 54 40 61 24 33 51 
70 108 139 36 150 44 57 40 54 0 34 65 50 75 99 
84 74 105 50 116 30 71 16 40 34 0 31 64 41 91 
105 43 74 71 85 51 92 37 61 65 31 0 85 28 112 
20 76 107 14 118 34 7 48 24 50 64 85 0 57 67 
77 33 64 43 75 31 64 35 33 75 41 28 57 0 84 
49 75 72 63 61 61 74 75 51 99 91 112 67 84 0 

0 84 58 96 80 118 101 18 85 36 45 88 132 105 95 
84 0 30 80 96 90 83 96 129 80 59 132 66 29 139 
58 30 0 50 66 60 53 70 99 50 29 102 74 47 109 
96 80 50 0 16 22 5 108 49 72 51 52 36 51 59 
80 96 66 16 0 38 21 92 33 56 37 36 52 67 43 
118 90 60 22 38 0 17 130 65 94 73 74 24 61 49 
101 83 53 5 21 17 0 113 48 77 56 57 31 54 56 
18 96 70 108 92 130 113 0 67 36 57 70 144 117 105 
85 129 99 49 33 65 48 67 0 49 70 9 79 100 40 
36 80 50 72 56 94 77 36 49 0 21 52 108 81 69 
45 59 29 51 37 73 56 57 70 21 0 73 87 60 80 
88 132 102 52 36 74 57 70 9 52 73 0 88 103 49 
132 66 74 36 52 24 31 144 79 108 87 88 0 37 73 
105 29 47 51 67 61 54 117 100 81 60 103 37 0 110 
95 139 109 59 43 49 56 105 40 69 80 49 73 110 0 

0 94 109 81 125 2 47 74 120 37 14 36 49 60 71 
94 0 19 63 31 92 47 58 26 73 102 58 57 94 23 
109 19 0 44 16 107 62 73 11 88 117 73 60 109 38 
81 63 44 0 44 79 56 111 39 74 89 45 32 81 48 
125 31 16 44 0 123 78 89 5 104 133 89 76 125 54 
2 92 107 79 123 0 45 74 118 37 14 34 47 60 69 
47 47 62 56 78 45 0 55 73 26 55 47 50 79 24 
74 58 73 111 89 74 55 0 84 37 88 102 105 134 63 
120 26 11 39 5 118 73 84 0 99 128 84 71 120 49 
37 73 88 74 104 37 26 37 99 0 51 65 68 97 50 
14 102 117 89 133 14 55 88 128 51 0 44 57 46 79 
36 58 73 45 89 34 47 102 84 65 44 0 13 36 39 
49 57 60 32 76 47 50 105 71 68 57 13 0 49 42 
60 94 109 81 125 60 79 134 120 97 46 36 49 0 71 
71 23 38 48 54 69 24 63 49 50 79 39 42 71 0 

0 59 42 80 122 115 89 48 157 93 52 43 141 26 21 
59 0 51 21 63 56 48 57 98 52 9 52 82 33 46 
42 51 0 48 90 93 57 6 125 103 42 11 109 36 63 
80 21 48 0 52 53 37 46 77 63 28 41 61 54 67 
122 63 90 52 0 105 33 84 53 115 70 79 47 96 109 
115 56 93 53 105 0 90 99 52 22 63 94 58 89 102 
89 48 57 37 33 90 0 51 68 100 39 46 52 63 76 
48 57 6 46 84 99 51 0 119 109 48 5 103 42 69 
157 98 125 77 53 52 68 119 0 64 105 114 16 131 144 
93 52 103 63 115 22 100 109 64 0 61 104 68 67 80 
52 9 42 28 70 63 39 48 105 61 0 43 89 26 39 
43 52 11 41 79 94 46 5 114 104 43 0 98 37 64 
141 82 109 61 47 58 52 103 16 68 89 98 0 115 128 
26 33 36 54 96 89 63 42 131 67 26 37 115 0 27 
21 46 63 67 109 102 76 69 144 80 39 64 128 27 0 

0 62 18 41 110 27 52 66 54 74 81 114 26 92 70 
62 0 78 21 58 71 114 30 116 112 39 62 36 40 98 
18 78 0 57 92 9 36 48 38 56 63 96 42 98 52 
41 21 57 0 79 50 93 35 95 91 50 83 15 61 77 
110 58 92 79 0 83 66 44 68 64 29 4 94 68 50 
27 71 9 50 83 0 43 41 45 47 54 87 35 91 43 
52 114 36 93 66 43 0 84 2 30 75 70 78 134 26 
66 30 48 35 44 41 84 0 86 82 15 48 50 50 68 
54 116 38 95 68 45 2 86 0 28 77 68 80 136 24 
74 112 56 91 64 47 30 82 28 0 73 60 76 132 14 
81 39 63 50 29 54 75 15 77 73 0 33 65 59 59 
114 62 96 83 4 87 70 48 68 60 33 0 98 72 46 
26 36 42 15 94 35 78 50 80 76 65 98 0 76 62 
92 40 98 61 68 91 134 50 136 132 59 72 76 0 118 
70 98 52 77 50 43 26 68 24 14 59 46 62 118 0 

0 86 123 96 103 39 95 38 74 87 85 38 111 41 75 
86 0 67 84 25 67 57 48 48 75 23 86 63 89 11 
123 67 0 27 92 104 28 85 49 36 90 123 12 126 58 
96 84 27 0 109 77 27 58 36 9 107 96 21 99 75 
103 25 92 109 0 84 82 73 73 100 18 103 88 106 34 
39 67 104 77 84 0 76 19 55 68 74 19 92 22 56 
95 57 28 27 82 76 0 57 21 18 80 95 16 98 48 
38 48 85 58 73 19 57 0 36 49 71 38 73 41 39 
74 48 49 36 73 55 21 36 0 27 71 74 37 77 39 
87 75 36 9 100 68 18 49 27 0 98 87 24 90 66 
85 23 90 107 18 74 80 71 71 98 0 85 86 88 32 
38 86 123 96 103 19 95 38 74 87 85 0 111 3 75 
111 63 12 21 88 92 16 73 37 24 86 111 0 114 54 
41 89 126 99 106 22 98 41 77 90 88 3 114 0 78 
75 11 58 75 34 56 48 39 39 66 32 75 54 78 0 

0 48 61 162 71 21 13 97 68 119 117 36 78 84 131 
48 0 71 114 29 27 35 87 20 71 69 54 68 74 83 
61 71 0 109 100 50 72 158 89 68 64 97 139 145 94 
162 114 109 0 91 141 149 95 94 43 45 168 112 78 31 
71 29 100 91 0 50 58 58 11 48 58 77 39 45 60 
21 27 50 141 50 0 22 108 47 98 96 47 89 95 110 
13 35 72 149 58 22 0 86 55 106 104 25 67 73 118 
97 87 158 95 58 108 86 0 69 90 116 73 19 17 64 
68 20 89 94 11 47 55 69 0 51 49 74 50 56 63 
119 71 68 43 48 98 106 90 51 0 26 125 71 77 26 
117 69 64 45 58 96 104 116 49 26 0 123 97 103 52 
36 54 97 168 77 47 25 73 74 125 123 0 56 90 137 
78 68 139 112 39 89 67 19 50 71 97 56 0 34 81 
84 74 145 78 45 95 73 17 56 77 103 90 34 0 51 
131 83 94 31 60 110 118 64 63 26 52 137 81 51 0 

0 184 99 172 148 90 54 70 61 82 178 66 105 94 159 
184 0 85 24 36 94 130 114 123 102 6 118 79 90 25 
99 85 0 73 83 19 45 29 38 35 79 67 40 145 62 
172 24 73 0 40 82 118 102 111 90 30 106 67 102 19 
148 36 83 40 0 102 94 90 87 66 30 82 43 62 21 
90 94 19 82 102 0 50 20 49 54 92 86 59 164 81 
54 130 45 118 94 50 0 38 7 28 124 36 51 114 105 
70 114 29 102 90 20 38 0 37 42 108 74 47 152 89 
61 123 38 111 87 49 7 37 0 21 117 37 44 115 98 
82 102 35 90 66 54 28 42 21 0 96 32 23 110 77 
178 6 79 30 30 92 124 108 117 96 0 112 73 84 19 
66 118 67 106 82 86 36 74 37 32 112 0 39 78 93 
105 79 40 67 43 59 51 47 44 23 73 39 0 105 54 
94 90 145 102 62 164 114 152 115 110 84 78 105 0 83 
159 25 62 19 21 81 105 89 98 77 19 93 54 83 0 

0 23 74 105 34 45 41 112 43 105 8 57 90 64 48 
23 0 51 116 45 46 64 123 54 116 27 68 101 75 71 
74 51 0 71 76 29 115 78 43 71 78 53 72 98 122 
105 116 71 0 71 70 98 7 62 22 113 48 17 43 73 
34 45 76 71 0 47 39 78 33 71 42 23 56 30 46 
45 46 29 70 47 0 86 77 14 70 49 24 55 69 93 
41 64 115 98 39 86 0 105 72 98 37 62 83 57 25 
112 123 78 7 78 77 105 0 69 21 120 55 22 48 80 
43 54 43 62 33 14 72 69 0 62 51 14 47 55 79 
105 116 71 22 71 70 98 21 62 0 113 48 39 65 89 
8 27 78 113 42 49 37 120 51 113 0 65 98 72 44 
57 68 53 48 23 24 62 55 14 48 65 0 33 45 69 
90 101 72 17 56 55 83 22 47 39 98 33 0 26 58 
64 75 98 43 30 69 57 48 55 65 72 45 26 0 32 
48 71 122 73 46 93 25 80 79 89 44 69 58 32 0 

0 3 46 59 8 55 50 107 83 16 27 70 57 72 24 
3 0 49 62 11 52 47 104 86 13 24 67 60 69 21 
46 49 0 13 50 101 96 153 117 62 73 116 19 118 70 
59 62 13 0 63 114 109 166 130 63 86 129 32 131 83 
8 11 50 63 0 51 46 103 75 24 23 66 49 68 26 
55 52 101 114 51 0 49 52 58 51 38 17 82 17 43 
50 47 96 109 46 49 0 73 107 46 23 66 81 46 26 
107 104 153 166 103 52 73 0 36 103 80 37 134 35 83 
83 86 117 130 75 58 107 36 0 99 96 41 98 61 101 
16 13 62 63 24 51 46 103 99 0 23 66 73 68 20 
27 24 73 86 23 38 23 80 96 23 0 55 70 45 5 
70 67 116 129 66 17 66 37 41 66 55 0 97 20 60 
57 60 19 32 49 82 81 134 98 73 70 97 0 99 75 
72 69 118 131 68 17 46 35 61 68 45 20 99 0 48 
24 21 70 83 26 43 26 83 101 20 5 60 75 48 0 

0 56 85 60 91 37 122 69 87 151 62 62 105 52 48 
56 0 83 62 93 39 66 71 31 95 60 12 49 54 50 
85 83 0 39 30 54 81 18 72 82 143 95 122 41 69 
60 62 39 0 31 23 76 21 51 105 122 74 101 8 30 
91 93 30 31 0 54 91 22 82 96 153 105 132 39 43 
37 39 54 23 54 0 91 36 56 120 99 51 78 15 15 
122 66 81 76 91 91 0 69 35 29 62 60 41 78 106 
69 71 18 21 22 36 69 0 60 84 131 83 110 23 51 
87 31 72 51 82 56 35 60 0 64 71 25 50 43 71 
151 95 82 105 96 120 29 84 64 0 89 89 46 107 135 
62 60 143 122 153 99 62 131 71 89 0 48 43 114 110 
62 12 95 74 105 51 60 83 25 89 48 0 43 66 62 
105 49 122 101 132 78 41 110 50 46 43 43 0 93 89 
52 54 41 8 39 15 78 23 43 107 114 66 93 0 28 
48 50 69 30 43 15 106 51 71 135 110 62 89 28 0 

0 65 49 78 84 65 103 90 91 52 136 109 95 151 71 
65 0 42 63 33 26 38 79 52 67 97 70 30 112 6 
49 42 0 29 61 30 80 41 54 77 87 60 72 102 48 
78 63 29 0 82 51 101 16 75 106 58 31 93 73 69 
84 33 61 82 0 59 45 98 85 34 130 103 13 145 35 
65 26 30 51 59 0 50 67 26 93 71 58 46 86 24 
103 38 80 101 45 50 0 117 40 79 85 108 32 100 32 
90 79 41 16 98 67 117 0 91 118 62 19 109 61 85 
91 52 54 75 85 26 40 91 0 119 45 82 72 60 50 
52 67 77 106 34 93 79 118 119 0 164 137 47 179 69 
136 97 87 58 130 71 85 62 45 164 0 53 117 15 95 
109 70 60 31 103 58 108 19 82 137 53 0 100 42 76 
95 30 72 93 13 46 32 109 72 47 117 100 0 132 24 
151 112 102 73 145 86 100 61 60 179 15 42 132 0 110 
71 6 48 69 35 24 32 85 50 69 95 76 24 110 0 

0 20 68 33 99 106 33 29 86 84 106 70 111 112 84 
20 0 74 39 105 112 39 29 92 64 86 76 117 92 90 
68 74 0 67 59 88 45 45 60 46 42 60 43 48 20 
33 39 67 0 66 73 22 32 53 87 109 37 78 115 87 
99 105 59 66 0 29 66 76 13 79 101 29 60 107 79 
106 112 88 73 29 0 73 83 28 108 130 36 89 136 108 
33 39 45 22 66 73 0 10 53 65 87 37 78 93 65 
29 29 45 32 76 83 10 0 63 55 77 47 88 83 61 
86 92 60 53 13 28 53 63 0 80 102 16 61 108 80 
84 64 46 87 79 108 65 55 80 0 40 80 89 46 62 
106 86 42 109 101 130 87 77 102 40 0 102 49 6 22 
70 76 60 37 29 36 37 47 16 80 102 0 61 108 80 
111 117 43 78 60 89 78 88 61 89 49 61 0 47 27 
112 92 48 115 107 136 93 83 108 46 6 108 47 0 28 
84 90 20 87 79 108 65 61 80 62 22 80 27 28 0 

0 48 90 122 84 145 61 12 55 85 36 19 91 121 64 
48 0 108 140 102 163 79 60 73 103 12 29 109 139 16 
90 108 0 34 52 55 85 80 35 7 112 91 53 35 92 
122 140 34 0 38 23 61 112 67 37 144 123 31 1 124 
84 102 52 38 0 61 33 74 29 45 106 85 7 37 86 
145 163 55 23 61 0 84 135 90 60 167 146 54 24 147 
61 79 85 61 33 84 0 51 60 78 83 62 32 60 81 
12 60 80 112 74 135 51 0 55 75 48 31 81 111 76 
55 73 35 67 29 90 60 55 0 30 77 56 36 66 57 
85 103 7 37 45 60 78 75 30 0 107 86 46 36 87 
36 12 112 144 106 167 83 48 77 107 0 21 113 143 28 
19 29 91 123 85 146 62 31 56 86 21 0 92 122 45 
91 109 53 31 7 54 32 81 36 46 113 92 0 30 93 
121 139 35 1 37 24 60 111 66 36 143 122 30 0 123 
64 16 92 124 86 147 81 76 57 87 28 45 93 123 0 

0 64 36 93 103 31 103 78 19 128 67 132 41 102 48 
64 0 100 115 45 51 125 100 45 64 89 68 43 124 72 
36 100 0 83 139 67 67 46 55 164 31 168 77 72 28 
93 115 83 0 70 64 26 37 110 81 66 85 72 11 55 
103 45 139 70 0 72 82 93 84 25 122 29 62 79 111 
31 51 67 64 72 0 74 49 46 97 50 101 10 73 39 
103 125 67 26 82 74 0 25 120 107 40 111 82 15 55 
78 100 46 37 93 49 25 0 95 118 29 122 57 26 30 
19 45 55 110 84 46 120 95 0 109 84 113 38 119 65 
128 64 164 81 25 97 107 118 109 0 147 4 87 92 136 
67 89 31 66 122 50 40 29 84 147 0 151 60 55 19 
132 68 168 85 29 101 111 122 113 4 151 0 91 96 140 
41 43 77 72 62 10 82 57 38 87 60 91 0 81 49 
102 124 72 11 79 73 15 26 119 92 55 96 81 0 54 
48 72 28 55 111 39 55 30 65 136 19 140 49 54 0 

0 9 93 46 88 109 96 99 98 58 66 55 26 20 90 
9 0 84 43 79 100 87 90 89 49 57 46 27 21 81 
93 84 0 107 59 70 107 74 93 83 27 82 103 93 11 
46 43 107 0 48 63 50 53 52 24 92 25 70 64 96 
88 79 59 48 0 21 48 15 34 30 44 33 98 88 48 
109 100 70 63 21 0 37 10 23 51 55 54 119 109 59 
96 87 107 50 48 37 0 33 14 38 92 41 106 96 96 
99 90 74 53 15 10 33 0 19 41 59 44 109 99 63 
98 89 93 52 34 23 14 19 0 40 78 43 108 98 82 
58 49 83 24 30 51 38 41 40 0 68 3 68 58 72 
66 57 27 92 44 55 92 59 78 68 0 67 76 66 24 
55 46 82 25 33 54 41 44 43 3 67 0 65 55 71 
26 27 103 70 98 119 106 109 108 68 76 65 0 10 100 
20 21 93 64 88 109 96 99 98 58 66 55 10 0 90 
90 81 11 96 48 59 96 63 82 72 24 71 100 90 0 

0 107 77 66 111 92 89 34 119 30 93 31 143 57 114 
107 0 150 105 20 37 100 95 78 109 106 76 60 144 113 
77 150 0 45 130 113 50 55 72 47 44 88 90 20 37 
66 105 45 0 85 68 23 32 53 36 27 43 77 39 48 
111 20 130 85 0 19 80 77 58 89 86 80 40 124 93 
92 37 113 68 19 0 63 58 41 72 69 61 51 107 76 
89 100 50 23 80 63 0 55 30 59 6 58 54 44 25 
34 95 55 32 77 58 55 0 85 14 59 33 109 49 80 
119 78 72 53 58 41 30 85 0 89 28 88 24 66 35 
30 109 47 36 89 72 59 14 89 0 63 47 113 35 84 
93 106 44 27 86 69 6 59 28 63 0 62 50 38 21 
31 76 88 43 80 61 58 33 88 47 62 0 112 82 83 
143 60 90 77 40 51 54 109 24 113 50 112 0 86 53 
57 144 20 39 124 107 44 49 66 35 38 82 86 0 57 
114 113 37 48 93 76 25 80 35 84 21 83 53 57 0 

0 62 74 99 76 64 13 52 102 43 39 59 44 13 16 
62 0 76 65 54 30 49 86 68 23 59 53 68 49 62 
74 76 0 27 22 74 83 126 28 53 99 23 108 73 90 
99 65 27 0 23 47 108 151 3 56 124 40 133 98 115 
76 54 22 23 0 52 85 128 26 33 101 17 110 75 92 
64 30 74 47 52 0 73 116 48 21 89 51 98 63 80 
13 49 83 108 85 73 0 43 111 52 26 68 31 10 13 
52 86 126 151 128 116 43 0 154 95 27 111 18 53 36 
102 68 28 3 26 48 111 154 0 59 127 43 136 101 118 
43 23 53 56 33 21 52 95 59 0 68 30 77 42 59 
39 59 99 124 101 89 26 27 127 68 0 84 9 26 39 
59 53 23 40 17 51 68 111 43 30 84 0 93 58 75 
44 68 108 133 110 98 31 18 136 77 9 93 0 35 44 
13 49 73 98 75 63 10 53 101 42 26 58 35 0 17 
16 62 90 115 92 80 13 36 118 59 39 75 44 17 0 

0 84 92 150 97 58 89 91 47 97 43 74 86 74 32 
84 0 126 66 21 30 31 75 37 25 47 10 8 88 56 
92 126 0 88 105 96 95 51 131 151 127 128 134 38 116 
150 66 88 0 53 92 61 59 103 63 113 76 64 76 122 
97 21 105 53 0 39 10 54 50 46 60 23 29 67 69 
58 30 96 92 39 0 31 45 35 55 31 32 38 58 30 
89 31 95 61 10 31 0 44 42 56 52 33 39 57 61 
91 75 51 59 54 45 44 0 80 100 76 77 83 17 65 
47 37 131 103 50 35 42 80 0 50 10 27 39 93 19 
97 25 151 63 46 55 56 100 50 0 60 23 17 113 69 
43 47 127 113 60 31 52 76 10 60 0 37 49 89 11 
74 10 128 76 23 32 33 77 27 23 37 0 12 90 46 
86 8 134 64 29 38 39 83 39 17 49 12 0 96 58 
74 88 38 76 67 58 57 17 93 113 89 90 96 0 78 
32 56 116 122 69 30 61 65 19 69 11 46 58 78 0 

0 89 58 66 77 54 44 67 64 51 58 16 102 4 104 
89 0 53 53 36 35 133 118 63 64 71 73 41 93 75 
58 53 0 8 19 22 80 65 10 11 18 50 44 58 46 
66 53 8 0 17 30 80 65 10 15 18 58 36 66 38 
77 36 19 17 0 41 97 82 27 28 35 69 25 77 39 
54 35 22 30 41 0 98 83 28 29 36 38 66 58 68 
44 133 80 80 97 98 0 25 70 69 62 60 92 42 62 
67 118 65 65 82 83 25 0 55 54 47 59 77 67 43 
64 63 10 10 27 28 70 55 0 13 8 56 38 64 40 
51 64 11 15 28 29 69 54 13 0 7 43 51 51 53 
58 71 18 18 35 36 62 47 8 7 0 50 44 58 46 
16 73 50 58 69 38 60 59 56 43 50 0 94 20 96 
102 41 44 36 25 66 92 77 38 51 44 94 0 102 34 
4 93 58 66 77 58 42 67 64 51 58 20 102 0 104 
104 75 46 38 39 68 62 43 40 53 46 96 34 104 0 

0 38 71 23 29 26 43 40 83 52 81 85 124 75 58 
38 0 79 61 67 22 39 58 79 48 43 123 120 111 54 
71 79 0 68 72 89 78 31 80 41 122 44 53 32 67 
23 61 68 0 6 49 60 37 80 49 104 62 121 72 55 
29 67 72 6 0 55 66 41 84 53 110 56 125 76 59 
26 22 89 49 55 0 61 58 101 70 63 111 142 99 76 
43 39 78 60 66 61 0 57 40 37 44 122 81 110 15 
40 58 31 37 41 58 57 0 59 20 101 65 84 53 46 
83 79 80 80 84 101 40 59 0 39 42 124 41 112 25 
52 48 41 49 53 70 37 20 39 0 81 85 72 73 26 
81 43 122 104 110 63 44 101 42 81 0 166 79 154 55 
85 123 44 62 56 111 122 65 124 85 166 0 93 24 111 
124 120 53 121 125 142 81 84 41 72 79 93 0 81 66 
75 111 32 72 76 99 110 53 112 73 154 24 81 0 99 
58 54 67 55 59 76 15 46 25 26 55 111 66 99 0 

0 151 61 149 47 106 129 47 41 28 27 45 70 102 74 
151 0 90 4 104 45 22 106 110 145 166 106 81 49 103 
61 90 0 88 14 45 68 48 20 55 76 24 29 41 73 
149 4 88 0 102 43 20 104 108 143 164 104 79 47 101 
47 104 14 102 0 59 82 60 16 41 62 36 41 55 61 
106 45 45 43 59 0 23 61 65 100 121 61 36 8 66 
129 22 68 20 82 23 0 84 88 123 144 84 59 27 81 
47 106 48 104 60 61 84 0 44 75 74 24 25 63 121 
41 110 20 108 16 65 88 44 0 35 56 20 29 61 77 
28 145 55 143 41 100 123 75 35 0 21 51 64 96 46 
27 166 76 164 62 121 144 74 56 21 0 60 85 117 63 
45 106 24 104 36 61 84 24 20 51 60 0 25 57 97 
70 81 29 79 41 36 59 25 29 64 85 25 0 44 102 
102 49 41 47 55 8 27 63 61 96 117 57 44 0 58 
74 103 73 101 61 66 81 121 77 46 63 97 102 58 0 

0 111 110 95 81 96 44 69 113 70 111 132 49 74 122 
111 0 59 90 90 87 125 78 44 41 76 39 118 47 45 
110 59 0 135 31 132 66 41 89 72 121 84 61 92 90 
95 90 135 0 106 3 109 94 46 63 16 51 102 43 45 
81 90 31 106 0 103 37 12 92 49 92 111 32 63 101 
96 87 132 3 103 0 110 91 43 60 15 48 103 40 42 
44 125 66 109 37 110 0 47 127 84 125 146 7 88 136 
69 78 41 94 12 91 47 0 80 37 80 99 40 51 89 
113 44 89 46 92 43 127 80 0 43 32 19 120 39 9 
70 41 72 63 49 60 84 37 43 0 49 62 77 20 52 
111 76 121 16 92 15 125 80 32 49 0 37 118 37 31 
132 39 84 51 111 48 146 99 19 62 37 0 139 58 10 
49 118 61 102 32 103 7 40 120 77 118 139 0 81 129 
74 47 92 43 63 40 88 51 39 20 37 58 81 0 48 
122 45 90 45 101 42 136 89 9 52 31 10 129 48 0 

0 122 88 71 5 127 75 76 39 22 16 115 34 125 39 
122 0 34 51 121 5 55 64 89 144 136 27 88 3 109 
88 34 0 23 87 39 47 72 67 110 102 35 54 37 75 
71 51 23 0 70 56 24 95 90 93 85 58 59 54 58 
5 121 87 70 0 126 70 75 44 23 15 114 33 124 34 
127 5 39 56 126 0 58 63 94 149 141 26 93 2 114 
75 55 47 24 70 58 0 119 114 91 83 82 83 58 56 
76 64 72 95 75 63 119 0 43 98 90 39 42 61 83 
39 89 67 90 44 94 114 43 0 55 55 82 31 92 78 
22 144 110 93 23 149 91 98 55 0 8 137 56 147 35 
16 136 102 85 15 141 83 90 55 8 0 129 48 139 27 
115 27 35 58 114 26 82 39 82 137 129 0 81 24 102 
34 88 54 59 33 93 83 42 31 56 48 81 0 91 47 
125 3 37 54 124 2 58 61 92 147 139 24 91 0 112 
39 109 75 58 34 114 56 83 78 35 27 102 47 112 0 

0 123 147 106 118 55 78 51 154 76 111 112 126 111 71 
123 0 34 73 65 88 137 72 73 141 70 19 77 126 108 
147 34 0 41 31 112 103 96 39 107 36 53 43 92 76 
106 73 41 0 12 71 64 55 48 68 5 92 20 53 35 
118 65 31 12 0 83 72 67 36 76 7 84 12 61 47 
55 88 112 71 83 0 127 54 119 131 76 77 91 116 98 
78 137 103 64 72 127 0 73 76 4 67 156 60 33 29 
51 72 96 55 67 54 73 0 103 77 60 83 75 62 44 
154 73 39 48 36 119 76 103 0 80 43 92 28 53 83 
76 141 107 68 76 131 4 77 80 0 71 160 64 37 33 
111 70 36 5 7 76 67 60 43 71 0 89 15 56 40 
112 19 53 92 84 77 156 83 92 160 89 0 96 145 127 
126 77 43 20 12 91 60 75 28 64 15 96 0 49 55 
111 126 92 53 61 116 33 62 53 37 56 145 49 0 40 
71 108 76 35 47 98 29 44 83 33 40 127 55 40 0 

0 42 51 74 49 52 61 15 76 44 69 49 45 50 29 
42 0 67 100 45 30 87 57 102 70 95 37 71 76 49 
51 67 0 33 90 93 50 66 35 9 28 30 72 13 70 
74 100 33 0 123 126 39 71 20 30 15 63 61 24 103 
49 45 90 123 0 15 110 52 125 93 118 60 94 99 20 
52 30 93 126 15 0 113 55 128 96 121 63 97 102 23 
61 87 50 39 110 113 0 58 59 41 24 50 22 37 90 
15 57 66 71 52 55 58 0 75 57 66 64 42 53 32 
76 102 35 20 125 128 59 75 0 32 35 65 81 26 105 
44 70 9 30 93 96 41 57 32 0 25 33 63 6 73 
69 95 28 15 118 121 24 66 35 25 0 58 46 19 98 
49 37 30 63 60 63 50 64 65 33 58 0 70 39 56 
45 71 72 61 94 97 22 42 81 63 46 70 0 59 74 
50 76 13 24 99 102 37 53 26 6 19 39 59 0 79 
29 49 70 103 20 23 90 32 105 73 98 56 74 79 0 

0 67 18 12 106 46 48 42 68 91 31 101 56 80 86 
67 0 85 67 39 113 43 25 29 24 36 34 27 67 55 
18 85 0 20 124 28 42 60 60 109 49 119 58 72 104 
12 67 20 0 106 46 60 48 80 91 33 101 68 92 86 
106 39 124 106 0 152 82 64 68 23 75 11 66 106 48 
46 113 28 46 152 0 70 88 84 137 77 147 86 52 132 
48 43 42 60 82 70 0 18 20 67 27 77 16 32 62 
42 25 60 48 64 88 18 0 32 49 15 59 20 44 44 
68 29 60 80 68 84 20 32 0 53 47 63 12 38 76 
91 24 109 91 23 137 67 49 53 0 60 12 51 91 71 
31 36 49 33 75 77 27 15 47 60 0 70 35 59 55 
101 34 119 101 11 147 77 59 63 12 70 0 61 101 59 
56 27 58 68 66 86 16 20 12 51 35 61 0 40 64 
80 67 72 92 106 52 32 44 38 91 59 101 40 0 88 
86 55 104 86 48 132 62 44 76 71 55 59 64 88 0 

0 52 45 102 27 94 14 35 19 117 83 42 81 44 43 
52 0 43 50 47 42 66 17 37 97 31 62 61 54 23 
45 43 0 93 72 85 35 26 26 72 74 87 36 79 24 
102 50 93 0 91 32 116 67 87 71 19 88 87 80 69 
27 47 72 91 0 83 37 52 46 144 72 31 108 33 70 
94 42 85 32 83 0 108 59 79 103 15 56 79 50 61 
14 66 35 116 37 108 0 49 29 107 97 56 71 58 47 
35 17 26 67 52 59 49 0 20 92 48 67 56 59 18 
19 37 26 87 46 79 29 20 0 98 68 61 62 53 24 
117 97 72 71 144 103 107 92 98 0 88 159 36 151 74 
83 31 74 19 72 15 97 48 68 88 0 71 68 63 50 
42 62 87 88 31 56 56 67 61 159 71 0 123 8 85 
81 61 36 87 108 79 71 56 62 36 68 123 0 115 38 
44 54 79 80 33 50 58 59 53 151 63 8 115 0 77 
43 23 24 69 70 61 47 18 24 74 50 85 38 77 0 

0 78 101 137 62 101 70 89 98 168 95 28 98 55 117 
78 0 135 59 42 77 10 37 20 90 77 62 78 27 85 
101 135 0 80 93 58 125 172 129 101 58 73 57 108 50 
137 59 80 0 75 36 67 92 49 31 42 113 39 82 30 
62 42 93 75 0 39 32 79 36 106 35 38 36 15 55 
101 77 58 36 39 0 67 114 71 67 6 77 3 50 16 
70 10 125 67 32 67 0 47 28 98 67 52 68 17 75 
89 37 172 92 79 114 47 0 43 79 114 99 115 64 122 
98 20 129 49 36 71 28 43 0 70 71 74 72 43 79 
168 90 101 31 106 67 98 79 70 0 73 144 70 113 51 
95 77 58 42 35 6 67 114 71 73 0 71 3 50 22 
28 62 73 113 38 77 52 99 74 144 71 0 74 35 93 
98 78 57 39 36 3 68 115 72 70 3 74 0 51 19 
55 27 108 82 15 50 17 64 43 113 50 35 51 0 62 
117 85 50 30 55 16 75 122 79 51 22 93 19 62 0 

0 44 63 100 28 92 46 17 129 116 125 72 13 31 96 
44 0 19 56 52 48 22 51 87 72 85 58 47 49 106 
63 19 0 71 69 33 39 68 104 61 102 75 64 66 123 
100 56 71 0 72 38 54 97 33 16 31 28 101 69 52 
28 52 69 72 0 64 30 25 101 88 97 44 29 3 68 
92 48 33 38 64 0 46 89 71 28 69 42 93 61 90 
46 22 39 54 30 46 0 43 83 70 79 36 47 27 84 
17 51 68 97 25 89 43 0 126 113 122 69 4 28 93 
129 87 104 33 101 71 83 126 0 43 4 57 130 98 33 
116 72 61 16 88 28 70 113 43 0 41 44 117 85 62 
125 85 102 31 97 69 79 122 4 41 0 53 126 94 29 
72 58 75 28 44 42 36 69 57 44 53 0 73 41 48 
13 47 64 101 29 93 47 4 130 117 126 73 0 32 97 
31 49 66 69 3 61 27 28 98 85 94 41 32 0 65 
96 106 123 52 68 90 84 93 33 62 29 48 97 65 0 

0 97 39 90 76 67 87 44 113 37 119 93 151 44 108 
97 0 106 57 21 48 18 67 64 64 128 10 54 101 117 
39 106 0 99 85 76 96 39 122 42 80 102 160 5 87 
90 57 99 0 62 23 39 60 23 57 71 47 61 94 60 
76 21 85 62 0 53 23 58 69 51 133 17 75 80 122 
67 48 76 23 53 0 30 37 46 34 80 38 84 71 69 
87 18 96 39 23 30 0 57 46 54 110 8 64 91 99 
44 67 39 60 58 37 57 0 83 7 75 63 121 34 64 
113 64 122 23 69 46 46 83 0 80 64 54 38 117 53 
37 64 42 57 51 34 54 7 80 0 82 60 118 37 71 
119 128 80 71 133 80 110 75 64 82 0 118 92 75 19 
93 10 102 47 17 38 8 63 54 60 118 0 58 97 107 
151 54 160 61 75 84 64 121 38 118 92 58 0 155 75 
44 101 5 94 80 71 91 34 117 37 75 97 155 0 82 
108 117 87 60 122 69 99 64 53 71 19 107 75 82 0 

0 66 107 97 32 91 24 117 88 30 41 82 61 22 79 
66 0 71 87 92 41 90 183 80 42 89 140 93 88 83 
107 71 0 16 139 30 87 112 19 77 66 69 46 129 28 
97 87 16 0 129 46 77 96 9 67 56 53 36 119 18 
32 92 139 129 0 123 52 91 120 62 73 114 93 10 111 
91 41 30 46 123 0 71 142 39 61 50 99 52 113 42 
24 90 87 77 52 71 0 93 68 48 21 62 41 42 59 
117 183 112 96 91 142 93 0 103 141 94 43 90 95 100 
88 80 19 9 120 39 68 103 0 58 47 60 27 110 9 
30 42 77 67 62 61 48 141 58 0 47 98 51 52 49 
41 89 66 56 73 50 21 94 47 47 0 51 20 63 38 
82 140 69 53 114 99 62 43 60 98 51 0 47 104 57 
61 93 46 36 93 52 41 90 27 51 20 47 0 83 18 
22 88 129 119 10 113 42 95 110 52 63 104 83 0 101 
79 83 28 18 111 42 59 100 9 49 38 57 18 101 0 

0 45 105 37 68 111 100 66 78 79 39 26 133 85 89 
45 0 60 24 45 66 63 29 59 84 42 45 88 66 44 
105 60 0 68 43 62 65 39 61 82 66 87 28 68 16 
37 24 68 0 31 74 87 29 83 60 18 21 96 90 52 
68 45 43 31 0 43 108 16 104 39 29 50 65 111 51 
111 66 62 74 43 0 127 45 123 32 72 93 44 130 70 
100 63 65 87 108 127 0 92 40 147 105 108 83 21 57 
66 29 39 29 16 45 92 0 88 55 27 48 67 95 35 
78 59 61 83 104 123 40 88 0 143 101 104 79 19 53 
79 84 82 60 39 32 147 55 143 0 42 61 64 150 90 
39 42 66 18 29 72 105 27 101 42 0 21 94 108 50 
26 45 87 21 50 93 108 48 104 61 21 0 115 111 71 
133 88 28 96 65 44 83 67 79 64 94 115 0 86 44 
85 66 68 90 111 130 21 95 19 150 108 111 86 0 60 
89 44 16 52 51 70 57 35 53 90 50 71 44 60 0 

0 65 52 54 46 10 30 39 71 63 55 39 90 35 51 
65 0 29 101 111 75 89 28 60 16 114 96 61 100 24 
52 29 0 88 98 62 62 15 31 13 85 83 38 87 21 
54 101 88 0 20 50 84 73 107 99 109 15 126 39 77 
46 111 98 20 0 36 64 83 117 109 89 15 136 19 87 
10 75 62 50 36 0 34 47 81 73 59 35 100 25 51 
30 89 62 84 64 34 0 69 81 73 25 69 100 45 81 
39 28 15 73 83 47 69 0 40 26 94 68 53 72 12 
71 60 31 107 117 81 81 40 0 44 60 102 19 106 52 
63 16 13 99 109 73 73 26 44 0 98 94 45 98 22 
55 114 85 109 89 59 25 94 60 98 0 94 79 70 106 
39 96 83 15 15 35 69 68 102 94 94 0 121 24 72 
90 61 38 126 136 100 100 53 19 45 79 121 0 125 53 
35 100 87 39 19 25 45 72 106 98 70 24 125 0 76 
51 24 21 77 87 51 81 12 52 22 106 72 53 76 0 

0 87 100 49 89 55 131 131 111 178 114 90 127 48 59 
87 0 45 38 22 48 44 44 24 91 73 25 40 39 48 
100 45 0 55 67 93 31 53 51 78 28 70 63 52 93 
49 38 55 0 40 38 82 82 62 129 83 41 78 47 38 
89 22 67 40 0 34 42 42 22 89 95 3 38 59 30 
55 48 93 38 34 0 76 76 56 123 121 35 72 85 4 
131 44 31 82 42 76 0 24 22 47 57 41 34 83 72 
131 44 53 82 42 76 24 0 20 47 81 41 10 83 72 
111 24 51 62 22 56 22 20 0 67 79 21 16 63 52 
178 91 78 129 89 123 47 47 67 0 66 88 51 130 119 
114 73 28 83 95 121 57 81 79 66 0 98 91 66 121 
90 25 70 41 3 35 41 41 21 88 98 0 37 62 31 
127 40 63 78 38 72 34 10 16 51 91 37 0 79 68 
48 39 52 47 59 85 83 83 63 130 66 62 79 0 85 
59 48 93 38 30 4 72 72 52 119 121 31 68 85 0 

0 90 79 137 23 91 73 41 102 88 124 52 28 155 60 
90 0 109 67 75 9 37 77 110 124 34 88 74 65 38 
79 109 0 58 96 100 146 52 23 21 77 51 63 76 71 
137 67 58 0 122 58 104 110 43 79 35 109 121 34 77 
23 75 96 122 0 76 50 64 97 111 109 75 51 140 45 
91 9 100 58 76 0 46 68 101 115 33 79 75 64 31 
73 37 146 104 50 46 0 114 147 161 69 125 101 90 75 
41 77 52 110 64 68 114 0 75 47 97 11 13 128 39 
102 110 23 43 97 101 147 75 0 44 78 74 86 77 72 
88 124 21 79 111 115 161 47 44 0 92 36 60 97 86 
124 34 77 35 109 33 69 97 78 92 0 96 108 31 64 
52 88 51 109 75 79 125 11 74 36 96 0 24 127 50 
28 74 63 121 51 75 101 13 86 60 108 24 0 139 44 
155 65 76 34 140 64 90 128 77 97 31 127 139 0 95 
60 38 71 77 45 31 75 39 72 86 64 50 44 95 0 

0 80 106 126 132 80 79 113 24 2 130 27 34 67 36 
80 0 108 46 52 122 103 33 90 82 50 85 98 17 62 
106 108 0 98 86 26 27 75 82 108 84 79 72 91 88 
126 46 98 0 12 112 93 23 102 128 14 99 92 59 108 
132 52 86 12 0 100 81 19 108 134 2 105 98 65 114 
80 122 26 112 100 0 19 89 56 82 98 53 46 105 92 
79 103 27 93 81 19 0 70 55 81 79 52 45 86 73 
113 33 75 23 19 89 70 0 89 115 17 86 79 46 95 
24 90 82 102 108 56 55 89 0 26 106 5 10 73 60 
2 82 108 128 134 82 81 115 26 0 132 29 36 69 34 
130 50 84 14 2 98 79 17 106 132 0 103 96 63 112 
27 85 79 99 105 53 52 86 5 29 103 0 13 68 55 
34 98 72 92 98 46 45 79 10 36 96 13 0 81 68 
67 17 91 59 65 105 86 46 73 69 63 68 81 0 49 
36 62 88 108 114 92 73 95 60 34 112 55 68 49 0 

0 36 74 78 143 74 88 80 73 12 36 91 37 37 134 
36 0 64 72 137 38 82 74 67 24 2 77 39 35 128 
74 64 0 62 73 36 42 76 59 62 62 17 77 99 64 
78 72 62 0 65 62 20 14 5 70 70 79 41 107 56 
143 137 73 65 0 109 55 63 70 135 135 60 106 172 9 
74 38 36 62 109 0 54 76 59 62 38 49 77 63 100 
88 82 42 20 55 54 0 34 17 80 80 59 51 117 46 
80 74 76 14 63 76 34 0 17 72 72 93 43 109 54 
73 67 59 5 70 59 17 17 0 65 65 76 36 102 61 
12 24 62 70 135 62 80 72 65 0 24 79 29 37 126 
36 2 62 70 135 38 80 72 65 24 0 75 39 37 126 
91 77 17 79 60 49 59 93 76 79 75 0 94 112 51 
37 39 77 41 106 77 51 43 36 29 39 94 0 66 97 
37 35 99 107 172 63 117 109 102 37 37 112 66 0 163 
134 128 64 56 9 100 46 54 61 126 126 51 97 163 0 

0 94 52 61 103 33 56 29 57 45 81 29 47 35 48 
94 0 50 33 93 99 48 79 37 79 13 97 47 59 58 
52 50 0 51 143 73 4 37 75 37 63 55 43 69 14 
61 33 51 0 92 66 49 46 24 56 20 64 14 26 59 
103 93 143 92 0 70 141 132 68 148 80 132 100 74 151 
33 99 73 66 70 0 71 62 62 78 86 62 52 40 81 
56 48 4 49 141 71 0 41 73 41 61 59 41 67 18 
29 79 37 46 132 62 41 0 64 16 66 18 32 58 23 
57 37 75 24 68 62 73 64 0 80 24 64 32 22 83 
45 79 37 56 148 78 41 16 80 0 68 18 48 74 23 
81 13 63 20 80 86 61 66 24 68 0 84 34 46 71 
29 97 55 64 132 62 59 18 64 18 84 0 50 58 41 
47 47 43 14 100 52 41 32 32 48 34 50 0 26 51 
35 59 69 26 74 40 67 58 22 74 46 58 26 0 77 
48 58 14 59 151 81 18 23 83 23 71 41 51 77 0 

0 78 120 19 107 118 94 29 28 90 57 9 102 97 73 
78 0 42 59 31 40 60 83 74 14 27 69 28 111 59 
120 42 0 101 45 12 46 125 116 30 63 111 42 97 73 
19 59 101 0 88 99 75 24 15 71 56 20 83 82 88 
107 31 45 88 0 57 91 112 103 45 50 98 5 142 40 
118 40 12 99 57 0 34 123 114 28 61 109 54 85 85 
94 60 46 75 91 34 0 99 90 46 87 85 88 51 119 
29 83 125 24 112 123 99 0 9 95 70 34 107 70 102 
28 74 116 15 103 114 90 9 0 86 69 33 98 69 101 
90 14 30 71 45 28 46 95 86 0 41 81 42 97 73 
57 27 63 56 50 61 87 70 69 41 0 48 45 138 32 
9 69 111 20 98 109 85 34 33 81 48 0 93 102 68 
102 28 42 83 5 54 88 107 98 42 45 93 0 139 35 
97 111 97 82 142 85 51 70 69 97 138 102 139 0 170 
73 59 73 88 40 85 119 102 101 73 32 68 35 170 0 

0 11 95 50 75 53 58 134 81 84 54 143 15 39 87 
11 0 106 39 86 64 69 145 92 95 65 154 26 28 94 
95 106 0 79 54 70 37 39 76 33 71 48 82 82 116 
50 39 79 0 55 33 84 114 61 64 34 123 65 11 63 
75 86 54 55 0 22 59 59 22 21 21 68 62 62 62 
53 64 70 33 22 0 75 81 28 37 1 90 56 40 46 
58 69 37 84 59 75 0 76 81 38 76 85 45 73 121 
134 145 39 114 59 81 76 0 53 50 80 13 121 121 93 
81 92 76 61 22 28 81 53 0 43 27 62 68 68 40 
84 95 33 64 21 37 38 50 43 0 38 59 71 71 83 
54 65 71 34 21 1 76 80 27 38 0 89 57 41 45 
143 154 48 123 68 90 85 13 62 59 89 0 130 130 80 
15 26 82 65 62 56 45 121 68 71 57 130 0 54 102 
39 28 82 11 62 40 73 121 68 71 41 130 54 0 70 
87 94 116 63 62 46 121 93 40 83 45 80 102 70 0 

0 52 29 52 49 43 40 68 68 77 16 52 89 35 51 
52 0 53 2 5 95 92 72 64 129 36 104 141 87 53 
29 53 0 53 50 72 39 39 69 76 23 65 88 34 22 
52 2 53 0 7 95 92 72 62 129 36 104 141 87 53 
49 5 50 7 0 92 89 69 69 126 39 101 138 84 50 
43 95 72 95 92 0 53 111 111 34 59 9 46 44 94 
40 92 39 92 89 53 0 58 108 37 56 46 49 9 41 
68 72 39 72 69 111 58 0 92 91 62 104 79 67 19 
68 64 69 62 69 111 108 92 0 145 52 120 157 103 75 
77 129 76 129 126 34 37 91 145 0 93 25 12 42 76 
16 36 23 36 39 59 56 62 52 93 0 68 105 51 45 
52 104 65 104 101 9 46 104 120 25 68 0 37 37 87 
89 141 88 141 138 46 49 79 157 12 105 37 0 54 88 
35 87 34 87 84 44 9 67 103 42 51 37 54 0 50 
51 53 22 53 50 94 41 19 75 76 45 87 88 50 0 

0 94 100 43 115 72 142 85 123 79 149 120 103 23 150 
94 0 134 67 111 98 92 103 73 139 99 70 9 71 100 
100 134 0 67 23 36 80 31 75 21 69 102 143 95 50 
43 67 67 0 72 31 99 42 80 72 106 77 76 38 107 
115 111 23 72 0 43 57 30 52 36 46 79 120 110 35 
72 98 36 31 43 0 70 13 51 41 77 66 107 67 78 
142 92 80 99 57 70 0 57 19 85 11 22 93 137 32 
85 103 31 42 30 13 57 0 44 36 64 71 112 80 65 
123 73 75 80 52 51 19 44 0 80 26 27 74 118 27 
79 139 21 72 36 41 85 36 80 0 74 107 148 74 71 
149 99 69 106 46 77 11 64 26 74 0 33 100 144 21 
120 70 102 77 79 66 22 71 27 107 33 0 71 115 54 
103 9 143 76 120 107 93 112 74 148 100 71 0 80 101 
23 71 95 38 110 67 137 80 118 74 144 115 80 0 145 
150 100 50 107 35 78 32 65 27 71 21 54 101 145 0 

0 38 124 117 105 106 149 117 63 29 119 107 48 185 62 
38 0 86 79 81 68 111 79 25 19 81 69 12 147 56 
124 86 0 57 119 40 75 37 61 95 103 61 76 61 94 
117 79 57 0 62 17 32 94 54 88 46 10 69 68 55 
105 81 119 62 0 79 44 156 86 76 16 58 93 88 43 
106 68 40 17 79 0 43 77 43 77 63 21 58 79 54 
149 111 75 32 44 43 0 112 86 120 30 42 101 44 87 
117 79 37 94 156 77 112 0 70 94 140 98 69 68 131 
63 25 61 54 86 43 86 70 0 34 70 44 15 122 61 
29 19 95 88 76 77 120 94 34 0 90 78 31 156 37 
119 81 103 46 16 63 30 140 70 90 0 42 77 72 57 
107 69 61 10 58 21 42 98 44 78 42 0 59 78 45 
48 12 76 69 93 58 101 69 15 31 77 59 0 137 68 
185 147 61 68 88 79 44 68 122 156 72 78 137 0 123 
62 56 94 55 43 54 87 131 61 37 57 45 68 123 0 

0 64 92 113 69 70 55 36 74 91 118 84 80 30 101 
64 0 90 69 21 94 9 46 22 27 66 20 26 70 37 
92 90 0 21 69 22 81 86 80 117 32 110 106 62 127 
113 69 21 0 48 43 60 107 59 96 11 89 87 83 106 
69 21 69 48 0 73 16 63 11 48 49 41 43 49 58 
70 94 22 43 73 0 85 66 84 121 48 114 110 40 131 
55 9 81 60 16 85 0 47 21 36 65 29 27 61 46 
36 46 86 107 63 66 47 0 68 55 112 48 44 42 73 
74 22 80 59 11 84 21 68 0 37 48 30 48 60 47 
91 27 117 96 48 121 36 55 37 0 85 17 11 97 42 
118 66 32 11 49 48 65 112 48 85 0 78 92 88 95 
84 20 110 89 41 114 29 48 30 17 78 0 28 90 25 
80 26 106 87 43 110 27 44 48 11 92 28 0 86 53 
30 70 62 83 49 40 61 42 60 97 88 90 86 0 107 
101 37 127 106 58 131 46 73 47 42 95 25 53 107 0 

0 107 26 90 92 18 107 25 131 40 32 22 31 46 88 
107 0 115 69 49 89 46 82 24 129 111 97 98 67 27 
26 115 0 64 66 26 81 33 139 14 6 18 57 54 96 
90 69 64 0 20 84 23 97 93 60 58 68 121 90 50 
92 49 66 20 0 86 15 99 73 80 62 70 123 92 52 
18 89 26 84 86 0 101 13 113 40 26 16 37 28 70 
107 46 81 23 15 101 0 114 70 83 75 85 138 107 67 
25 82 33 97 99 13 114 0 106 47 39 29 24 21 63 
131 24 139 93 73 113 70 106 0 153 135 121 100 85 43 
40 129 14 60 80 40 83 47 153 0 18 32 71 68 110 
32 111 6 58 62 26 75 39 135 18 0 14 63 50 92 
22 97 18 68 70 16 85 29 121 32 14 0 53 36 78 
31 98 57 121 123 37 138 24 100 71 63 53 0 31 71 
46 67 54 90 92 28 107 21 85 68 50 36 31 0 42 
88 27 96 50 52 70 67 63 43 110 92 78 71 42 0 

0 95 18 66 70 148 47 74 36 21 82 67 13 51 87 
95 0 87 43 83 53 48 49 75 116 15 28 94 44 54 
18 87 0 58 62 140 39 92 54 29 74 59 31 67 97 
66 43 58 0 40 82 23 92 54 87 28 57 65 67 97 
70 83 62 40 0 78 63 132 94 91 68 97 71 107 137 
148 53 140 82 78 0 101 100 128 169 66 81 147 97 89 
47 48 39 23 63 101 0 69 31 68 35 34 46 44 74 
74 49 92 92 132 100 69 0 38 73 64 35 61 25 39 
36 75 54 54 94 128 31 38 0 41 62 47 23 31 67 
21 116 29 87 91 169 68 73 41 0 103 88 22 72 108 
82 15 74 28 68 66 35 64 62 103 0 29 81 39 69 
67 28 59 57 97 81 34 35 47 88 29 0 66 16 40 
13 94 31 65 71 147 46 61 23 22 81 66 0 50 86 
51 44 67 67 107 97 44 25 31 72 39 16 50 0 36 
87 54 97 97 137 89 74 39 67 108 69 40 86 36 0 

0 122 80 69 41 29 92 76 45 71 122 48 14 81 94 
122 0 88 77 81 139 30 52 93 51 14 74 116 41 28 
80 88 0 11 55 71 78 36 35 127 102 114 66 67 64 
69 77 11 0 44 76 67 25 30 116 91 103 55 56 53 
41 81 55 44 0 58 51 35 20 72 81 59 35 40 53 
29 139 71 76 58 0 109 93 46 88 139 65 23 98 111 
92 30 78 67 51 109 0 42 63 49 30 44 86 11 14 
76 52 36 25 35 93 42 0 47 91 66 78 70 31 28 
45 93 35 30 20 46 63 47 0 92 93 79 31 52 65 
71 51 127 116 72 88 49 91 92 0 51 23 65 60 63 
122 14 102 91 81 139 30 66 93 51 0 74 116 41 38 
48 74 114 103 59 65 44 78 79 23 74 0 48 47 50 
14 116 66 55 35 23 86 70 31 65 116 48 0 75 88 
81 41 67 56 40 98 11 31 52 60 41 47 75 0 13 
94 28 64 53 53 111 14 28 65 63 38 50 88 13 0 

0 120 60 88 138 41 44 25 70 90 74 91 2 70 72 
120 0 60 48 18 161 118 101 50 54 46 29 122 50 48 
60 60 0 28 78 101 60 41 38 106 48 71 62 60 64 
88 48 28 0 56 129 86 69 34 102 44 67 90 56 60 
138 18 78 56 0 179 136 119 68 68 64 47 140 68 66 
41 161 101 129 179 0 43 60 111 111 115 132 39 111 113 
44 118 60 86 136 43 0 69 68 68 72 89 46 68 70 
25 101 41 69 119 60 69 0 51 115 57 80 23 69 73 
70 50 38 34 68 111 68 51 0 68 10 33 72 22 26 
90 54 106 102 68 111 68 115 68 0 58 35 92 46 42 
74 46 48 44 64 115 72 57 10 58 0 23 76 12 16 
91 29 71 67 47 132 89 80 33 35 23 0 93 21 19 
2 122 62 90 140 39 46 23 72 92 76 93 0 72 74 
70 50 60 56 68 111 68 69 22 46 12 21 72 0 4 
72 48 64 60 66 113 70 73 26 42 16 19 74 4 0 

0 67 67 6 86 34 49 24 46 63 52 72 95 93 6 
67 0 32 71 57 55 18 47 21 38 119 97 108 106 71 
67 32 0 71 25 55 46 47 39 6 119 97 76 84 71 
6 71 71 0 90 28 53 30 50 67 48 78 101 99 12 
86 57 25 90 0 78 71 66 64 23 138 116 65 103 90 
34 55 55 28 78 0 37 58 34 59 64 106 129 127 40 
49 18 46 53 71 37 0 51 7 52 101 99 122 120 53 
24 47 47 30 66 58 51 0 44 43 72 50 71 69 24 
46 21 39 50 64 34 7 44 0 45 98 92 115 113 50 
63 38 6 67 23 59 52 43 45 0 115 93 70 80 67 
52 119 119 48 138 64 101 72 98 115 0 50 73 71 48 
72 97 97 78 116 106 99 50 92 93 50 0 51 21 66 
95 108 76 101 65 129 122 71 115 70 73 51 0 38 89 
93 106 84 99 103 127 120 69 113 80 71 21 38 0 87 
6 71 71 12 90 40 53 24 50 67 48 66 89 87 0 

0 72 21 75 134 65 66 11 98 121 50 54 96 31 10 
72 0 87 21 62 119 120 61 78 79 104 28 24 85 64 
21 87 0 96 149 72 51 32 113 136 29 75 111 42 23 
75 21 96 0 71 140 141 64 99 100 125 31 35 106 85 
134 62 149 71 0 77 98 123 36 29 128 90 38 107 126 
65 119 72 140 77 0 21 76 41 64 51 119 105 34 55 
66 120 51 141 98 21 0 77 62 85 30 120 106 35 56 
11 61 32 64 123 76 77 0 87 110 61 43 85 42 21 
98 78 113 99 36 41 62 87 0 23 92 78 64 71 90 
121 79 136 100 29 64 85 110 23 0 115 79 65 94 113 
50 104 29 125 128 51 30 61 92 115 0 104 90 21 40 
54 28 75 31 90 119 120 43 78 79 104 0 52 85 64 
96 24 111 35 38 105 106 85 64 65 90 52 0 71 88 
31 85 42 106 107 34 35 42 71 94 21 85 71 0 21 
10 64 23 85 126 55 56 21 90 113 40 64 88 21 0 

0 73 9 34 43 54 66 58 50 80 30 72 115 39 25 
73 0 64 39 42 33 7 17 23 59 91 69 42 60 48 
9 64 0 27 46 45 57 49 45 83 33 75 106 42 26 
34 39 27 0 19 36 32 24 18 56 52 48 81 21 9 
43 42 46 19 0 55 35 39 19 37 49 29 84 18 20 
54 33 45 36 55 0 36 16 54 92 72 84 61 51 35 
66 7 57 32 35 36 0 20 18 56 84 62 49 53 41 
58 17 49 24 39 16 20 0 38 76 76 68 57 45 33 
50 23 45 18 19 54 18 38 0 38 68 46 65 37 25 
80 59 83 56 37 92 56 76 38 0 56 34 77 41 57 
30 91 33 52 49 72 84 76 68 56 0 42 133 31 43 
72 69 75 48 29 84 62 68 46 34 42 0 111 33 49 
115 42 106 81 84 61 49 57 65 77 133 111 0 102 90 
39 60 42 21 18 51 53 45 37 41 31 33 102 0 16 
25 48 26 9 20 35 41 33 25 57 43 49 90 16 0 

0 83 132 83 47 69 6 114 29 61 13 42 36 15 84 
83 0 59 10 38 138 89 81 94 110 84 59 79 72 125 
132 59 0 49 87 79 138 22 143 71 133 108 128 121 66 
83 10 49 0 38 128 89 71 94 100 84 59 79 72 115 
47 38 87 38 0 110 51 69 56 82 46 21 41 34 97 
69 138 79 128 110 0 75 57 92 28 76 105 99 78 15 
6 89 138 89 51 75 0 120 29 67 13 42 36 17 90 
114 81 22 71 69 57 120 0 125 53 115 90 110 103 44 
29 94 143 94 56 92 29 125 0 72 16 35 15 22 95 
61 110 71 100 82 28 67 53 72 0 62 77 71 50 23 
13 84 133 84 46 76 13 115 16 62 0 29 23 12 85 
42 59 108 59 21 105 42 90 35 77 29 0 20 27 92 
36 79 128 79 41 99 36 110 15 71 23 20 0 21 86 
15 72 121 72 34 78 17 103 22 50 12 27 21 0 73 
84 125 66 115 97 15 90 44 95 23 85 92 86 73 0 

0 59 66 11 43 41 80 64 66 102 48 49 42 110 46 
59 0 43 70 74 34 63 47 61 85 53 86 87 51 21 
66 43 0 77 81 41 28 48 68 42 60 93 94 44 22 
11 70 77 0 44 42 81 65 67 103 49 50 43 121 57 
43 74 81 44 0 40 53 33 23 59 21 12 13 125 61 
41 34 41 42 40 0 39 23 27 61 19 52 53 85 21 
80 63 28 81 53 39 0 20 40 22 32 65 66 72 42 
64 47 48 65 33 23 20 0 20 38 16 45 46 92 28 
66 61 68 67 23 27 40 20 0 40 18 25 26 112 48 
102 85 42 103 59 61 22 38 40 0 54 65 66 76 64 
48 53 60 49 21 19 32 16 18 54 0 33 34 104 40 
49 86 93 50 12 52 65 45 25 65 33 0 7 137 73 
42 87 94 43 13 53 66 46 26 66 34 7 0 138 74 
110 51 44 121 125 85 72 92 112 76 104 137 138 0 64 
46 21 22 57 61 21 42 28 48 64 40 73 74 64 0 

0 2 135 76 17 159 72 105 53 66 40 19 60 145 40 
2 0 133 74 15 157 70 103 51 64 38 17 58 143 38 
135 133 0 85 118 24 73 30 82 69 105 118 75 10 95 
76 74 85 0 61 109 12 81 23 130 36 57 20 95 108 
17 15 118 61 0 142 57 88 38 69 25 4 43 128 47 
159 157 24 109 142 0 97 54 106 93 129 142 99 14 119 
72 70 73 12 57 97 0 77 19 126 32 53 16 83 104 
105 103 30 81 88 54 77 0 58 49 75 88 61 40 65 
53 51 82 23 38 106 19 58 0 107 23 36 7 92 85 
66 64 69 130 69 93 126 49 107 0 94 73 110 79 26 
40 38 105 36 25 129 32 75 23 94 0 21 30 115 72 
19 17 118 57 4 142 53 88 36 73 21 0 43 128 51 
60 58 75 20 43 99 16 61 7 110 30 43 0 85 88 
145 143 10 95 128 14 83 40 92 79 115 128 85 0 105 
40 38 95 108 47 119 104 65 85 26 72 51 88 105 0 

0 47 20 95 118 90 35 54 102 128 107 19 44 71 127 
47 0 67 48 71 105 24 27 91 81 70 66 89 116 80 
20 67 0 115 138 110 55 74 122 148 127 3 58 71 147 
95 48 115 0 23 87 60 41 73 33 52 114 71 98 54 
118 71 138 23 0 68 83 64 54 10 33 137 80 79 35 
90 105 110 87 68 0 81 78 14 62 35 109 52 39 37 
35 24 55 60 83 81 0 19 67 93 72 54 65 92 92 
54 27 74 41 64 78 19 0 64 74 53 73 62 89 73 
102 91 122 73 54 14 67 64 0 48 21 121 64 51 25 
128 81 148 33 10 62 93 74 48 0 27 147 90 77 29 
107 70 127 52 33 35 72 53 21 27 0 126 69 56 20 
19 66 3 114 137 109 54 73 121 147 126 0 57 70 146 
44 89 58 71 80 52 65 62 64 90 69 57 0 27 89 
71 116 71 98 79 39 92 89 51 77 56 70 27 0 76 
127 80 147 54 35 37 92 73 25 29 20 146 89 76 0 

0 46 28 69 22 63 24 34 71 28 15 44 111 92 73 
46 0 38 39 68 83 32 12 91 38 31 64 131 60 27 
28 38 0 61 30 91 40 26 99 0 25 72 139 84 65 
69 39 61 0 91 66 45 51 90 61 54 77 92 23 34 
22 68 30 91 0 69 46 56 77 30 37 50 117 114 95 
63 83 91 66 69 0 51 95 24 91 66 19 48 89 78 
24 32 40 45 46 51 0 44 59 40 15 32 99 68 49 
34 12 26 51 56 95 44 0 103 26 29 76 143 72 39 
71 91 99 90 77 24 59 103 0 99 74 27 44 113 94 
28 38 0 61 30 91 40 26 99 0 25 72 139 84 65 
15 31 25 54 37 66 15 29 74 25 0 47 114 77 58 
44 64 72 77 50 19 32 76 27 72 47 0 67 100 81 
111 131 139 92 117 48 99 143 44 139 114 67 0 71 126 
92 60 84 23 114 89 68 72 113 84 77 100 71 0 55 
73 27 65 34 95 78 49 39 94 65 58 81 126 55 0 

0 15 70 32 76 14 107 104 80 78 107 62 84 29 83 
15 0 59 21 91 25 122 93 69 93 96 51 73 18 72 
70 59 0 72 62 56 65 34 10 60 37 64 28 51 13 
32 21 72 0 106 40 137 76 62 108 95 30 52 21 73 
76 91 62 106 0 66 65 96 72 2 99 98 76 85 75 
14 25 56 40 66 0 97 90 66 68 93 48 70 19 69 
107 122 65 137 65 97 0 61 75 63 42 129 93 116 64 
104 93 34 76 96 90 61 0 24 94 19 68 32 75 21 
80 69 10 62 72 66 75 24 0 70 33 54 18 51 11 
78 93 60 108 2 68 63 94 70 0 97 100 74 87 73 
107 96 37 95 99 93 42 19 33 97 0 87 51 78 24 
62 51 64 30 98 48 129 68 54 100 87 0 36 33 65 
84 73 28 52 76 70 93 32 18 74 51 36 0 55 29 
29 18 51 21 85 19 116 75 51 87 78 33 55 0 54 
83 72 13 73 75 69 64 21 11 73 24 65 29 54 0 

0 44 92 78 47 67 62 46 97 20 95 56 48 108 4 
44 0 90 62 11 51 106 30 81 24 139 100 72 92 46 
92 90 0 70 93 87 30 88 61 82 65 80 44 46 96 
78 62 70 0 51 17 86 32 19 68 119 80 52 30 82 
47 11 93 51 0 40 109 19 70 27 142 103 75 81 49 
67 51 87 17 40 0 103 21 30 57 136 97 69 41 71 
62 106 30 86 109 103 0 104 77 82 35 50 34 62 66 
46 30 88 32 19 21 104 0 51 36 137 98 70 62 50 
97 81 61 19 70 30 77 51 0 87 110 85 49 15 101 
20 24 82 68 27 57 82 36 87 0 115 76 48 98 22 
95 139 65 119 142 136 35 137 110 115 0 39 67 95 93 
56 100 80 80 103 97 50 98 85 76 39 0 36 96 54 
48 72 44 52 75 69 34 70 49 48 67 36 0 60 52 
108 92 46 30 81 41 62 62 15 98 95 96 60 0 112 
4 46 96 82 49 71 66 50 101 22 93 54 52 112 0 

0 90 41 20 33 74 62 82 11 28 69 10 26 106 77 
90 0 77 80 57 32 68 62 83 100 159 80 72 86 57 
41 77 0 61 20 61 21 41 52 23 82 33 15 65 36 
20 80 61 0 53 64 82 102 9 48 79 28 46 126 97 
33 57 20 53 0 45 29 49 44 43 102 25 15 73 44 
74 32 61 64 45 0 74 94 67 84 143 64 56 118 89 
62 68 21 82 29 74 0 20 73 34 91 54 36 44 17 
82 62 41 102 49 94 20 0 93 54 109 74 56 24 5 
11 83 52 9 44 67 73 93 0 39 76 19 37 117 88 
28 100 23 48 43 84 34 54 39 0 59 20 28 78 49 
69 159 82 79 102 143 91 109 76 59 0 79 87 129 108 
10 80 33 28 25 64 54 74 19 20 79 0 18 98 69 
26 72 15 46 15 56 36 56 37 28 87 18 0 80 51 
106 86 65 126 73 118 44 24 117 78 129 98 80 0 29 
77 57 36 97 44 89 17 5 88 49 108 69 51 29 0 

0 40 91 48 34 71 47 106 100 61 121 80 59 38 71 
40 0 71 28 48 31 51 66 60 21 81 40 39 16 89 
91 71 0 43 95 66 122 51 117 58 50 67 58 87 160 
48 28 43 0 56 23 79 58 74 15 73 32 19 44 117 
34 48 95 56 0 79 65 114 108 69 129 88 37 46 103 
71 31 66 23 79 0 56 35 51 10 50 9 42 33 94 
47 51 122 79 65 56 0 71 53 64 74 55 90 35 38 
106 66 51 58 114 35 71 0 66 45 15 26 77 68 109 
100 60 117 74 108 51 53 66 0 59 67 50 85 62 43 
61 21 58 15 69 10 64 45 59 0 60 19 32 29 102 
121 81 50 73 129 50 74 15 67 60 0 41 92 83 110 
80 40 67 32 88 9 55 26 50 19 41 0 51 42 93 
59 39 58 19 37 42 90 77 85 32 92 51 0 55 128 
38 16 87 44 46 33 35 68 62 29 83 42 55 0 73 
71 89 160 117 103 94 38 109 43 102 110 93 128 73 0 

0 28 77 45 46 80 63 74 33 58 69 50 54 15 65 
28 0 105 23 74 108 91 98 61 30 97 52 56 43 93 
77 105 0 122 31 7 48 77 44 135 62 79 59 62 12 
45 23 122 0 91 125 108 115 78 13 114 43 63 60 110 
46 74 31 91 0 34 21 50 13 104 35 48 30 31 33 
80 108 7 125 34 0 55 84 47 138 69 82 64 65 15 
63 91 48 108 21 55 0 29 30 121 14 65 45 48 54 
74 98 77 115 50 84 29 0 47 128 15 72 52 63 83 
33 61 44 78 13 47 30 47 0 91 36 35 27 18 36 
58 30 135 13 104 138 121 128 91 0 127 56 76 73 123 
69 97 62 114 35 69 14 15 36 127 0 71 51 54 68 
50 52 79 43 48 82 65 72 35 56 71 0 20 39 67 
54 56 59 63 30 64 45 52 27 76 51 20 0 43 63 
15 43 62 60 31 65 48 63 18 73 54 39 43 0 50 
65 93 12 110 33 15 54 83 36 123 68 67 63 50 0 

0 70 148 65 46 53 115 40 105 51 17 66 117 60 86 
70 0 82 93 38 21 91 50 41 41 63 82 59 14 16 
148 82 0 83 116 99 33 108 43 97 141 82 31 88 70 
65 93 83 0 73 80 50 43 52 52 58 11 52 79 81 
46 38 116 73 0 17 83 30 73 21 29 62 85 28 54 
53 21 99 80 17 0 78 37 56 28 42 69 68 11 37 
115 91 33 50 83 78 0 75 50 64 108 49 32 77 79 
40 50 108 43 30 37 75 0 65 11 33 32 77 36 46 
105 41 43 52 73 56 50 65 0 54 98 41 18 45 29 
51 41 97 52 21 28 64 11 54 0 44 41 66 27 35 
17 63 141 58 29 42 108 33 98 44 0 59 110 53 79 
66 82 82 11 62 69 49 32 41 41 59 0 51 68 70 
117 59 31 52 85 68 32 77 18 66 110 51 0 57 47 
60 14 88 79 28 11 77 36 45 27 53 68 57 0 26 
86 16 70 81 54 37 79 46 29 35 79 70 47 26 0 

